-------------------------------G4_H
-------------------------------gamma
### Fill Cross Sections for gamma off H
-------------------------------------------------------------
    N     E(MeV)   Elastic(b)   Inelastic(b)   Total(b)
-------------------------------------------------------------
    0      0.1012           0           0            0
    1      0.1035           0           0            0
    2      0.1059           0           0            0
    3      0.1084           0           0            0
    4      0.1109           0           0            0
    5      0.1135           0           0            0
    6      0.1161           0           0            0
    7      0.1189           0           0            0
    8      0.1216           0           0            0
    9      0.1245           0           0            0
   10      0.1274           0           0            0
   11      0.1303           0           0            0
   12      0.1334           0           0            0
   13      0.1365           0           0            0
   14      0.1396           0           0            0
   15      0.1429           0           0            0
   16      0.1462           0           0            0
   17      0.1496           0           0            0
   18      0.1531           0           0            0
   19      0.1567           0           0            0
   20      0.1603           0           0            0
   21      0.1641           0           0            0
   22      0.1679           0           0            0
   23      0.1718           0           0            0
   24      0.1758           0           0            0
   25      0.1799           0           0            0
   26      0.1841           0           0            0
   27      0.1884           0           0            0
   28      0.1928           0           0            0
   29      0.1972           0           0            0
   30      0.2018           0           0            0
   31      0.2065           0           0            0
   32      0.2113           0           0            0
   33      0.2163           0           0            0
   34      0.2213           0           0            0
   35      0.2265           0           0            0
   36      0.2317           0           0            0
   37      0.2371           0           0            0
   38      0.2427           0           0            0
   39      0.2483           0           0            0
   40      0.2541           0           0            0
   41        0.26           0           0            0
   42      0.2661           0           0            0
   43      0.2723           0           0            0
   44      0.2786           0           0            0
   45      0.2851           0           0            0
   46      0.2917           0           0            0
   47      0.2985           0           0            0
   48      0.3055           0           0            0
   49      0.3126           0           0            0
   50      0.3199           0           0            0
   51      0.3273           0           0            0
   52       0.335           0           0            0
   53      0.3428           0           0            0
   54      0.3508           0           0            0
   55      0.3589           0           0            0
   56      0.3673           0           0            0
   57      0.3758           0           0            0
   58      0.3846           0           0            0
   59      0.3936           0           0            0
   60      0.4027           0           0            0
   61      0.4121           0           0            0
   62      0.4217           0           0            0
   63      0.4315           0           0            0
   64      0.4416           0           0            0
   65      0.4519           0           0            0
   66      0.4624           0           0            0
   67      0.4732           0           0            0
   68      0.4842           0           0            0
   69      0.4955           0           0            0
   70       0.507           0           0            0
   71      0.5188           0           0            0
   72      0.5309           0           0            0
   73      0.5433           0           0            0
   74      0.5559           0           0            0
   75      0.5689           0           0            0
   76      0.5821           0           0            0
   77      0.5957           0           0            0
   78      0.6095           0           0            0
   79      0.6237           0           0            0
   80      0.6383           0           0            0
   81      0.6531           0           0            0
   82      0.6683           0           0            0
   83      0.6839           0           0            0
   84      0.6998           0           0            0
   85      0.7161           0           0            0
   86      0.7328           0           0            0
   87      0.7499           0           0            0
   88      0.7674           0           0            0
   89      0.7852           0           0            0
   90      0.8035           0           0            0
   91      0.8222           0           0            0
   92      0.8414           0           0            0
   93       0.861           0           0            0
   94       0.881           0           0            0
   95      0.9016           0           0            0
   96      0.9226           0           0            0
   97      0.9441           0           0            0
   98      0.9661           0           0            0
   99      0.9886           0           0            0
  100       1.012           0           0            0
  101       1.035           0           0            0
  102       1.059           0           0            0
  103       1.084           0           0            0
  104       1.109           0           0            0
  105       1.135           0           0            0
  106       1.161           0           0            0
  107       1.189           0           0            0
  108       1.216           0           0            0
  109       1.245           0           0            0
  110       1.274           0           0            0
  111       1.303           0           0            0
  112       1.334           0           0            0
  113       1.365           0           0            0
  114       1.396           0           0            0
  115       1.429           0           0            0
  116       1.462           0           0            0
  117       1.496           0           0            0
  118       1.531           0           0            0
  119       1.567           0           0            0
  120       1.603           0           0            0
  121       1.641           0           0            0
  122       1.679           0           0            0
  123       1.718           0           0            0
  124       1.758           0           0            0
  125       1.799           0           0            0
  126       1.841           0           0            0
  127       1.884           0           0            0
  128       1.928           0           0            0
  129       1.972           0           0            0
  130       2.018           0           0            0
  131       2.065           0           0            0
  132       2.113           0           0            0
  133       2.163           0           0            0
  134       2.213           0           0            0
  135       2.265           0           0            0
  136       2.317           0           0            0
  137       2.371           0           0            0
  138       2.427           0           0            0
  139       2.483           0           0            0
  140       2.541           0           0            0
  141         2.6           0           0            0
  142       2.661           0           0            0
  143       2.723           0           0            0
  144       2.786           0           0            0
  145       2.851           0           0            0
  146       2.917           0           0            0
  147       2.985           0           0            0
  148       3.055           0           0            0
  149       3.126           0           0            0
  150       3.199           0           0            0
  151       3.273           0           0            0
  152        3.35           0           0            0
  153       3.428           0           0            0
  154       3.508           0           0            0
  155       3.589           0           0            0
  156       3.673           0           0            0
  157       3.758           0           0            0
  158       3.846           0           0            0
  159       3.936           0           0            0
  160       4.027           0           0            0
  161       4.121           0           0            0
  162       4.217           0           0            0
  163       4.315           0           0            0
  164       4.416           0           0            0
  165       4.519           0           0            0
  166       4.624           0           0            0
  167       4.732           0           0            0
  168       4.842           0           0            0
  169       4.955           0           0            0
  170        5.07           0           0            0
  171       5.188           0           0            0
  172       5.309           0           0            0
  173       5.433           0           0            0
  174       5.559           0           0            0
  175       5.689           0           0            0
  176       5.821           0           0            0
  177       5.957           0           0            0
  178       6.095           0           0            0
  179       6.237           0           0            0
  180       6.383           0           0            0
  181       6.531           0           0            0
  182       6.683           0           0            0
  183       6.839           0           0            0
  184       6.998           0           0            0
  185       7.161           0           0            0
  186       7.328           0           0            0
  187       7.499           0           0            0
  188       7.674           0           0            0
  189       7.852           0           0            0
  190       8.035           0           0            0
  191       8.222           0           0            0
  192       8.414           0           0            0
  193        8.61           0           0            0
  194        8.81           0           0            0
  195       9.016           0           0            0
  196       9.226           0           0            0
  197       9.441           0           0            0
  198       9.661           0           0            0
  199       9.886           0           0            0
  200       10.12           0           0            0
  201       10.35           0           0            0
  202       10.59           0           0            0
  203       10.84           0           0            0
  204       11.09           0           0            0
  205       11.35           0           0            0
  206       11.61           0           0            0
  207       11.89           0           0            0
  208       12.16           0           0            0
  209       12.45           0           0            0
  210       12.74           0           0            0
  211       13.03           0           0            0
  212       13.34           0           0            0
  213       13.65           0           0            0
  214       13.96           0           0            0
  215       14.29           0           0            0
  216       14.62           0           0            0
  217       14.96           0           0            0
  218       15.31           0           0            0
  219       15.67           0           0            0
  220       16.03           0           0            0
  221       16.41           0           0            0
  222       16.79           0           0            0
  223       17.18           0           0            0
  224       17.58           0           0            0
  225       17.99           0           0            0
  226       18.41           0           0            0
  227       18.84           0           0            0
  228       19.28           0           0            0
  229       19.72           0           0            0
  230       20.18           0           0            0
  231       20.65           0           0            0
  232       21.13           0           0            0
  233       21.63           0           0            0
  234       22.13           0           0            0
  235       22.65           0           0            0
  236       23.17           0           0            0
  237       23.71           0           0            0
  238       24.27           0           0            0
  239       24.83           0           0            0
  240       25.41           0           0            0
  241          26           0           0            0
  242       26.61           0           0            0
  243       27.23           0           0            0
  244       27.86           0           0            0
  245       28.51           0           0            0
  246       29.17           0           0            0
  247       29.85           0           0            0
  248       30.55           0           0            0
  249       31.26           0           0            0
  250       31.99           0           0            0
  251       32.73           0           0            0
  252        33.5           0           0            0
  253       34.28           0           0            0
  254       35.08           0           0            0
  255       35.89           0           0            0
  256       36.73           0           0            0
  257       37.58           0           0            0
  258       38.46           0           0            0
  259       39.36           0           0            0
  260       40.27           0           0            0
  261       41.21           0           0            0
  262       42.17           0           0            0
  263       43.15           0           0            0
  264       44.16           0           0            0
  265       45.19           0           0            0
  266       46.24           0           0            0
  267       47.32           0           0            0
  268       48.42           0           0            0
  269       49.55           0           0            0
  270        50.7           0           0            0
  271       51.88           0           0            0
  272       53.09           0           0            0
  273       54.33           0           0            0
  274       55.59           0           0            0
  275       56.89           0           0            0
  276       58.21           0           0            0
  277       59.57           0           0            0
  278       60.95           0           0            0
  279       62.37           0           0            0
  280       63.83           0           0            0
  281       65.31           0           0            0
  282       66.83           0           0            0
  283       68.39           0           0            0
  284       69.98           0           0            0
  285       71.61           0           0            0
  286       73.28           0           0            0
  287       74.99           0           0            0
  288       76.74           0           0            0
  289       78.52           0           0            0
  290       80.35           0           0            0
  291       82.22           0           0            0
  292       84.14           0           0            0
  293        86.1           0           0            0
  294        88.1           0           0            0
  295       90.16           0           0            0
  296       92.26           0           0            0
  297       94.41           0           0            0
  298       96.61           0           0            0
  299       98.86           0           0            0
  300       101.2           0           0            0
  301       103.5           0           0            0
  302       105.9           0           0            0
  303       108.4           0           0            0
  304       110.9           0           0            0
  305       113.5           0           0            0
  306       116.1           0           0            0
  307       118.9           0           0            0
  308       121.6           0           0            0
  309       124.5           0           0            0
  310       127.4           0           0            0
  311       130.3           0           0            0
  312       133.4           0           0            0
  313       136.5           0   4.663e-07    4.663e-07
  314       139.6           0   4.749e-07    4.749e-07
  315       142.9           0   4.997e-07    4.997e-07
  316       146.2           0   5.517e-07    5.517e-07
  317       149.6           0   6.527e-07    6.527e-07
  318       153.1           0   8.395e-07    8.395e-07
  319       156.7           0   1.171e-06    1.171e-06
  320       160.3           0   1.745e-06    1.745e-06
  321       164.1           0   2.893e-06    2.893e-06
  322       167.9           0   4.927e-06    4.927e-06
  323       171.8           0   8.396e-06    8.396e-06
  324       175.8           0   1.403e-05    1.403e-05
  325       179.9           0   2.263e-05    2.263e-05
  326       184.1           0   3.505e-05    3.505e-05
  327       188.4           0   5.209e-05    5.209e-05
  328       192.8           0   7.122e-05    7.122e-05
  329       197.2           0   9.079e-05    9.079e-05
  330       201.8           0   0.0001097    0.0001097
  331       206.5           0   0.0001275    0.0001275
  332       211.3           0   0.0001443    0.0001443
  333       216.3           0   0.0001609    0.0001609
  334       221.3           0    0.000178     0.000178
  335       226.5           0   0.0001962    0.0001962
  336       231.7           0   0.0002159    0.0002159
  337       237.1           0   0.0002374    0.0002374
  338       242.7           0    0.000261     0.000261
  339       248.3           0   0.0002875    0.0002875
  340       254.1           0   0.0003165    0.0003165
  341         260           0   0.0003478    0.0003478
  342       266.1           0   0.0003811    0.0003811
  343       272.3           0   0.0004158    0.0004158
  344       278.6           0   0.0004511    0.0004511
  345       285.1           0    0.000485     0.000485
  346       291.7           0   0.0005153    0.0005153
  347       298.5           0   0.0005402    0.0005402
  348       305.5           0   0.0005577    0.0005577
  349       312.6           0   0.0005665    0.0005665
  350       319.9           0   0.0005656    0.0005656
  351       327.3           0   0.0005529    0.0005529
  352         335           0   0.0005322    0.0005322
  353       342.8           0   0.0005056    0.0005056
  354       350.8           0   0.0004749    0.0004749
  355       358.9           0   0.0004421    0.0004421
  356       367.3           0   0.0004088    0.0004088
  357       375.8           0   0.0003768    0.0003768
  358       384.6           0   0.0003469    0.0003469
  359       393.6           0   0.0003194    0.0003194
  360       402.7           0   0.0002946    0.0002946
  361       412.1           0   0.0002724    0.0002724
  362       421.7           0   0.0002528    0.0002528
  363       431.5           0   0.0002363    0.0002363
  364       441.6           0   0.0002221    0.0002221
  365       451.9           0   0.0002101    0.0002101
  366       462.4           0      0.0002       0.0002
  367       473.2           0   0.0001919    0.0001919
  368       484.2           0   0.0001856    0.0001856
  369       495.5           0   0.0001813    0.0001813
  370         507           0   0.0001788    0.0001788
  371       518.8           0   0.0001779    0.0001779
  372       530.9           0   0.0001787    0.0001787
  373       543.3           0   0.0001812    0.0001812
  374       555.9           0   0.0001854    0.0001854
  375       568.9           0   0.0001917    0.0001917
  376       582.1           0   0.0001998    0.0001998
  377       595.7           0   0.0002097    0.0002097
  378       609.5           0   0.0002211    0.0002211
  379       623.7           0   0.0002337    0.0002337
  380       638.3           0   0.0002472    0.0002472
  381       653.1           0   0.0002606    0.0002606
  382       668.3           0   0.0002725    0.0002725
  383       683.9           0   0.0002819    0.0002819
  384       699.8           0   0.0002878    0.0002878
  385       716.1           0   0.0002894    0.0002894
  386       732.8           0   0.0002864    0.0002864
  387       749.9           0   0.0002785    0.0002785
  388       767.4           0   0.0002675    0.0002675
  389       785.2           0   0.0002549    0.0002549
  390       803.5           0   0.0002418    0.0002418
  391       822.2           0   0.0002292    0.0002292
  392       841.4           0   0.0002181    0.0002181
  393         861           0   0.0002098    0.0002098
  394         881           0   0.0002047    0.0002047
  395       901.6           0   0.0002029    0.0002029
  396       922.6           0   0.0002044    0.0002044
  397       944.1           0   0.0002086    0.0002086
  398       966.1           0   0.0002144    0.0002144
  399       988.6           0   0.0002189    0.0002189
  400        1012           0   0.0002196    0.0002196
  401        1035           0   0.0002162    0.0002162
  402        1059           0   0.0002096    0.0002096
  403        1084           0    0.000201     0.000201
  404        1109           0   0.0001917    0.0001917
  405        1135           0   0.0001831    0.0001831
  406        1161           0   0.0001758    0.0001758
  407        1189           0   0.0001696    0.0001696
  408        1216           0   0.0001646    0.0001646
  409        1245           0   0.0001606    0.0001606
  410        1274           0   0.0001576    0.0001576
  411        1303           0   0.0001555    0.0001555
  412        1334           0    0.000154     0.000154
  413        1365           0   0.0001529    0.0001529
  414        1396           0   0.0001521    0.0001521
  415        1429           0   0.0001514    0.0001514
  416        1462           0   0.0001509    0.0001509
  417        1496           0   0.0001504    0.0001504
  418        1531           0   0.0001499    0.0001499
  419        1567           0   0.0001494    0.0001494
  420        1603           0   0.0001488    0.0001488
  421        1641           0   0.0001483    0.0001483
  422        1679           0   0.0001477    0.0001477
  423        1718           0   0.0001471    0.0001471
  424        1758           0   0.0001465    0.0001465
  425        1799           0    0.000146     0.000146
  426        1841           0   0.0001454    0.0001454
  427        1884           0   0.0001449    0.0001449
  428        1928           0   0.0001443    0.0001443
  429        1972           0   0.0001438    0.0001438
  430        2018           0   0.0001433    0.0001433
  431        2065           0   0.0001428    0.0001428
  432        2113           0   0.0001423    0.0001423
  433        2163           0   0.0001418    0.0001418
  434        2213           0   0.0001414    0.0001414
  435        2265           0   0.0001409    0.0001409
  436        2317           0   0.0001404    0.0001404
  437        2371           0     0.00014      0.00014
  438        2427           0   0.0001395    0.0001395
  439        2483           0   0.0001391    0.0001391
  440        2541           0   0.0001386    0.0001386
  441        2600           0   0.0001382    0.0001382
  442        2661           0   0.0001378    0.0001378
  443        2723           0   0.0001373    0.0001373
  444        2786           0   0.0001369    0.0001369
  445        2851           0   0.0001364    0.0001364
  446        2917           0    0.000136     0.000136
  447        2985           0   0.0001356    0.0001356
  448        3055           0   0.0001352    0.0001352
  449        3126           0   0.0001348    0.0001348
  450        3199           0   0.0001343    0.0001343
  451        3273           0   0.0001339    0.0001339
  452        3350           0   0.0001335    0.0001335
  453        3428           0   0.0001331    0.0001331
  454        3508           0   0.0001327    0.0001327
  455        3589           0   0.0001323    0.0001323
  456        3673           0   0.0001319    0.0001319
  457        3758           0   0.0001316    0.0001316
  458        3846           0   0.0001312    0.0001312
  459        3936           0   0.0001308    0.0001308
  460        4027           0   0.0001305    0.0001305
  461        4121           0   0.0001301    0.0001301
  462        4217           0   0.0001297    0.0001297
  463        4315           0   0.0001294    0.0001294
  464        4416           0    0.000129     0.000129
  465        4519           0   0.0001287    0.0001287
  466        4624           0   0.0001284    0.0001284
  467        4732           0    0.000128     0.000128
  468        4842           0   0.0001277    0.0001277
  469        4955           0   0.0001274    0.0001274
  470        5070           0   0.0001271    0.0001271
  471        5188           0   0.0001268    0.0001268
  472        5309           0   0.0001265    0.0001265
  473        5433           0   0.0001262    0.0001262
  474        5559           0   0.0001259    0.0001259
  475        5689           0   0.0001256    0.0001256
  476        5821           0   0.0001253    0.0001253
  477        5957           0    0.000125     0.000125
  478        6095           0   0.0001248    0.0001248
  479        6237           0   0.0001245    0.0001245
  480        6383           0   0.0001242    0.0001242
  481        6531           0    0.000124     0.000124
  482        6683           0   0.0001237    0.0001237
  483        6839           0   0.0001235    0.0001235
  484        6998           0   0.0001232    0.0001232
  485        7161           0    0.000123     0.000123
  486        7328           0   0.0001227    0.0001227
  487        7499           0   0.0001225    0.0001225
  488        7674           0   0.0001223    0.0001223
  489        7852           0   0.0001221    0.0001221
  490        8035           0   0.0001218    0.0001218
  491        8222           0   0.0001216    0.0001216
  492        8414           0   0.0001214    0.0001214
  493        8610           0   0.0001212    0.0001212
  494        8810           0    0.000121     0.000121
  495        9016           0   0.0001208    0.0001208
  496        9226           0   0.0001206    0.0001206
  497        9441           0   0.0001204    0.0001204
  498        9661           0   0.0001202    0.0001202
  499        9886           0     0.00012      0.00012
  500   1.012e+04           0   0.0001199    0.0001199
  501   1.035e+04           0   0.0001197    0.0001197
  502   1.059e+04           0   0.0001195    0.0001195
  503   1.084e+04           0   0.0001193    0.0001193
  504   1.109e+04           0   0.0001192    0.0001192
  505   1.135e+04           0    0.000119     0.000119
  506   1.161e+04           0   0.0001189    0.0001189
  507   1.189e+04           0   0.0001187    0.0001187
  508   1.216e+04           0   0.0001186    0.0001186
  509   1.245e+04           0   0.0001184    0.0001184
  510   1.274e+04           0   0.0001183    0.0001183
  511   1.303e+04           0   0.0001181    0.0001181
  512   1.334e+04           0    0.000118     0.000118
  513   1.365e+04           0   0.0001179    0.0001179
  514   1.396e+04           0   0.0001177    0.0001177
  515   1.429e+04           0   0.0001176    0.0001176
  516   1.462e+04           0   0.0001175    0.0001175
  517   1.496e+04           0   0.0001173    0.0001173
  518   1.531e+04           0   0.0001172    0.0001172
  519   1.567e+04           0   0.0001171    0.0001171
  520   1.603e+04           0    0.000117     0.000117
  521   1.641e+04           0   0.0001169    0.0001169
  522   1.679e+04           0   0.0001168    0.0001168
  523   1.718e+04           0   0.0001167    0.0001167
  524   1.758e+04           0   0.0001166    0.0001166
  525   1.799e+04           0   0.0001165    0.0001165
  526   1.841e+04           0   0.0001164    0.0001164
  527   1.884e+04           0   0.0001163    0.0001163
  528   1.928e+04           0   0.0001162    0.0001162
  529   1.972e+04           0   0.0001161    0.0001161
  530   2.018e+04           0   0.0001161    0.0001161
  531   2.065e+04           0    0.000116     0.000116
  532   2.113e+04           0   0.0001159    0.0001159
  533   2.163e+04           0   0.0001158    0.0001158
  534   2.213e+04           0   0.0001158    0.0001158
  535   2.265e+04           0   0.0001157    0.0001157
  536   2.317e+04           0   0.0001156    0.0001156
  537   2.371e+04           0   0.0001156    0.0001156
  538   2.427e+04           0   0.0001155    0.0001155
  539   2.483e+04           0   0.0001155    0.0001155
  540   2.541e+04           0   0.0001154    0.0001154
  541     2.6e+04           0   0.0001154    0.0001154
  542   2.661e+04           0   0.0001153    0.0001153
  543   2.723e+04           0   0.0001153    0.0001153
  544   2.786e+04           0   0.0001152    0.0001152
  545   2.851e+04           0   0.0001152    0.0001152
  546   2.917e+04           0   0.0001151    0.0001151
  547   2.985e+04           0   0.0001151    0.0001151
  548   3.055e+04           0   0.0001151    0.0001151
  549   3.126e+04           0    0.000115     0.000115
  550   3.199e+04           0    0.000115     0.000115
  551   3.273e+04           0    0.000115     0.000115
  552    3.35e+04           0    0.000115     0.000115
  553   3.428e+04           0    0.000115     0.000115
  554   3.508e+04           0   0.0001149    0.0001149
  555   3.589e+04           0   0.0001149    0.0001149
  556   3.673e+04           0   0.0001149    0.0001149
  557   3.758e+04           0   0.0001149    0.0001149
  558   3.846e+04           0   0.0001149    0.0001149
  559   3.936e+04           0   0.0001149    0.0001149
  560   4.027e+04           0   0.0001149    0.0001149
  561   4.121e+04           0   0.0001149    0.0001149
  562   4.217e+04           0   0.0001149    0.0001149
  563   4.315e+04           0   0.0001149    0.0001149
  564   4.416e+04           0   0.0001149    0.0001149
  565   4.519e+04           0   0.0001149    0.0001149
  566   4.624e+04           0   0.0001149    0.0001149
  567   4.732e+04           0    0.000115     0.000115
  568   4.842e+04           0    0.000115     0.000115
  569   4.955e+04           0    0.000115     0.000115
  570    5.07e+04           0   0.0001143    0.0001143
  571   5.188e+04           0   0.0001144    0.0001144
  572   5.309e+04           0   0.0001144    0.0001144
  573   5.433e+04           0   0.0001145    0.0001145
  574   5.559e+04           0   0.0001145    0.0001145
  575   5.689e+04           0   0.0001146    0.0001146
  576   5.821e+04           0   0.0001146    0.0001146
  577   5.957e+04           0   0.0001147    0.0001147
  578   6.095e+04           0   0.0001147    0.0001147
  579   6.237e+04           0   0.0001148    0.0001148
  580   6.383e+04           0   0.0001148    0.0001148
  581   6.531e+04           0   0.0001149    0.0001149
  582   6.683e+04           0    0.000115     0.000115
  583   6.839e+04           0    0.000115     0.000115
  584   6.998e+04           0   0.0001151    0.0001151
  585   7.161e+04           0   0.0001151    0.0001151
  586   7.328e+04           0   0.0001152    0.0001152
  587   7.499e+04           0   0.0001153    0.0001153
  588   7.674e+04           0   0.0001154    0.0001154
  589   7.852e+04           0   0.0001154    0.0001154
  590   8.035e+04           0   0.0001155    0.0001155
  591   8.222e+04           0   0.0001156    0.0001156
  592   8.414e+04           0   0.0001157    0.0001157
  593    8.61e+04           0   0.0001158    0.0001158
  594    8.81e+04           0   0.0001159    0.0001159
  595   9.016e+04           0   0.0001159    0.0001159
  596   9.226e+04           0    0.000116     0.000116
  597   9.441e+04           0   0.0001161    0.0001161
  598   9.661e+04           0   0.0001162    0.0001162
  599   9.886e+04           0   0.0001163    0.0001163
  600   1.012e+05           0   0.0001164    0.0001164
  601   1.035e+05           0   0.0001165    0.0001165
  602   1.059e+05           0   0.0001166    0.0001166
  603   1.084e+05           0   0.0001167    0.0001167
  604   1.109e+05           0   0.0001168    0.0001168
  605   1.135e+05           0   0.0001169    0.0001169
  606   1.161e+05           0    0.000117     0.000117
  607   1.189e+05           0   0.0001172    0.0001172
  608   1.216e+05           0   0.0001173    0.0001173
  609   1.245e+05           0   0.0001174    0.0001174
  610   1.274e+05           0   0.0001175    0.0001175
  611   1.303e+05           0   0.0001176    0.0001176
  612   1.334e+05           0   0.0001177    0.0001177
  613   1.365e+05           0   0.0001179    0.0001179
  614   1.396e+05           0    0.000118     0.000118
  615   1.429e+05           0   0.0001181    0.0001181
  616   1.462e+05           0   0.0001182    0.0001182
  617   1.496e+05           0   0.0001184    0.0001184
  618   1.531e+05           0   0.0001185    0.0001185
  619   1.567e+05           0   0.0001186    0.0001186
  620   1.603e+05           0   0.0001188    0.0001188
  621   1.641e+05           0   0.0001189    0.0001189
  622   1.679e+05           0   0.0001191    0.0001191
  623   1.718e+05           0   0.0001192    0.0001192
  624   1.758e+05           0   0.0001193    0.0001193
  625   1.799e+05           0   0.0001195    0.0001195
  626   1.841e+05           0   0.0001196    0.0001196
  627   1.884e+05           0   0.0001198    0.0001198
  628   1.928e+05           0   0.0001199    0.0001199
  629   1.972e+05           0   0.0001201    0.0001201
  630   2.018e+05           0   0.0001202    0.0001202
  631   2.065e+05           0   0.0001204    0.0001204
  632   2.113e+05           0   0.0001205    0.0001205
  633   2.163e+05           0   0.0001207    0.0001207
  634   2.213e+05           0   0.0001209    0.0001209
  635   2.265e+05           0    0.000121     0.000121
  636   2.317e+05           0   0.0001212    0.0001212
  637   2.371e+05           0   0.0001214    0.0001214
  638   2.427e+05           0   0.0001215    0.0001215
  639   2.483e+05           0   0.0001217    0.0001217
  640   2.541e+05           0   0.0001219    0.0001219
  641     2.6e+05           0   0.0001221    0.0001221
  642   2.661e+05           0   0.0001222    0.0001222
  643   2.723e+05           0   0.0001224    0.0001224
  644   2.786e+05           0   0.0001226    0.0001226
  645   2.851e+05           0   0.0001228    0.0001228
  646   2.917e+05           0   0.0001229    0.0001229
  647   2.985e+05           0   0.0001231    0.0001231
  648   3.055e+05           0   0.0001233    0.0001233
  649   3.126e+05           0   0.0001235    0.0001235
  650   3.199e+05           0   0.0001237    0.0001237
  651   3.273e+05           0   0.0001239    0.0001239
  652    3.35e+05           0   0.0001241    0.0001241
  653   3.428e+05           0   0.0001243    0.0001243
  654   3.508e+05           0   0.0001245    0.0001245
  655   3.589e+05           0   0.0001247    0.0001247
  656   3.673e+05           0   0.0001249    0.0001249
  657   3.758e+05           0   0.0001251    0.0001251
  658   3.846e+05           0   0.0001253    0.0001253
  659   3.936e+05           0   0.0001255    0.0001255
  660   4.027e+05           0   0.0001257    0.0001257
  661   4.121e+05           0   0.0001259    0.0001259
  662   4.217e+05           0   0.0001261    0.0001261
  663   4.315e+05           0   0.0001263    0.0001263
  664   4.416e+05           0   0.0001265    0.0001265
  665   4.519e+05           0   0.0001267    0.0001267
  666   4.624e+05           0    0.000127     0.000127
  667   4.732e+05           0   0.0001272    0.0001272
  668   4.842e+05           0   0.0001274    0.0001274
  669   4.955e+05           0   0.0001276    0.0001276
  670    5.07e+05           0   0.0001278    0.0001278
  671   5.188e+05           0   0.0001281    0.0001281
  672   5.309e+05           0   0.0001283    0.0001283
  673   5.433e+05           0   0.0001285    0.0001285
  674   5.559e+05           0   0.0001288    0.0001288
  675   5.689e+05           0    0.000129     0.000129
  676   5.821e+05           0   0.0001292    0.0001292
  677   5.957e+05           0   0.0001295    0.0001295
  678   6.095e+05           0   0.0001297    0.0001297
  679   6.237e+05           0   0.0001299    0.0001299
  680   6.383e+05           0   0.0001302    0.0001302
  681   6.531e+05           0   0.0001304    0.0001304
  682   6.683e+05           0   0.0001307    0.0001307
  683   6.839e+05           0   0.0001309    0.0001309
  684   6.998e+05           0   0.0001311    0.0001311
  685   7.161e+05           0   0.0001314    0.0001314
  686   7.328e+05           0   0.0001316    0.0001316
  687   7.499e+05           0   0.0001319    0.0001319
  688   7.674e+05           0   0.0001321    0.0001321
  689   7.852e+05           0   0.0001324    0.0001324
  690   8.035e+05           0   0.0001327    0.0001327
  691   8.222e+05           0   0.0001329    0.0001329
  692   8.414e+05           0   0.0001332    0.0001332
  693    8.61e+05           0   0.0001334    0.0001334
  694    8.81e+05           0   0.0001337    0.0001337
  695   9.016e+05           0    0.000134     0.000134
  696   9.226e+05           0   0.0001342    0.0001342
  697   9.441e+05           0   0.0001345    0.0001345
  698   9.661e+05           0   0.0001348    0.0001348
  699   9.886e+05           0    0.000135     0.000135
  700   1.012e+06           0   0.0001353    0.0001353
  701   1.035e+06           0   0.0001356    0.0001356
  702   1.059e+06           0   0.0001358    0.0001358
  703   1.084e+06           0   0.0001361    0.0001361
  704   1.109e+06           0   0.0001364    0.0001364
  705   1.135e+06           0   0.0001367    0.0001367
  706   1.161e+06           0   0.0001369    0.0001369
  707   1.189e+06           0   0.0001372    0.0001372
  708   1.216e+06           0   0.0001375    0.0001375
  709   1.245e+06           0   0.0001378    0.0001378
  710   1.274e+06           0   0.0001381    0.0001381
  711   1.303e+06           0   0.0001384    0.0001384
  712   1.334e+06           0   0.0001387    0.0001387
  713   1.365e+06           0   0.0001389    0.0001389
  714   1.396e+06           0   0.0001392    0.0001392
  715   1.429e+06           0   0.0001395    0.0001395
  716   1.462e+06           0   0.0001398    0.0001398
  717   1.496e+06           0   0.0001401    0.0001401
  718   1.531e+06           0   0.0001404    0.0001404
  719   1.567e+06           0   0.0001407    0.0001407
  720   1.603e+06           0    0.000141     0.000141
  721   1.641e+06           0   0.0001413    0.0001413
  722   1.679e+06           0   0.0001416    0.0001416
  723   1.718e+06           0   0.0001419    0.0001419
  724   1.758e+06           0   0.0001422    0.0001422
  725   1.799e+06           0   0.0001425    0.0001425
  726   1.841e+06           0   0.0001428    0.0001428
  727   1.884e+06           0   0.0001432    0.0001432
  728   1.928e+06           0   0.0001435    0.0001435
  729   1.972e+06           0   0.0001438    0.0001438
  730   2.018e+06           0   0.0001441    0.0001441
  731   2.065e+06           0   0.0001444    0.0001444
  732   2.113e+06           0   0.0001447    0.0001447
  733   2.163e+06           0    0.000145     0.000145
  734   2.213e+06           0   0.0001454    0.0001454
  735   2.265e+06           0   0.0001457    0.0001457
  736   2.317e+06           0    0.000146     0.000146
  737   2.371e+06           0   0.0001463    0.0001463
  738   2.427e+06           0   0.0001467    0.0001467
  739   2.483e+06           0    0.000147     0.000147
  740   2.541e+06           0   0.0001473    0.0001473
  741     2.6e+06           0   0.0001476    0.0001476
  742   2.661e+06           0    0.000148     0.000148
  743   2.723e+06           0   0.0001483    0.0001483
  744   2.786e+06           0   0.0001486    0.0001486
  745   2.851e+06           0    0.000149     0.000149
  746   2.917e+06           0   0.0001493    0.0001493
  747   2.985e+06           0   0.0001497    0.0001497
  748   3.055e+06           0     0.00015      0.00015
  749   3.126e+06           0   0.0001503    0.0001503
  750   3.199e+06           0   0.0001507    0.0001507
  751   3.273e+06           0    0.000151     0.000151
  752    3.35e+06           0   0.0001514    0.0001514
  753   3.428e+06           0   0.0001517    0.0001517
  754   3.508e+06           0   0.0001521    0.0001521
  755   3.589e+06           0   0.0001524    0.0001524
  756   3.673e+06           0   0.0001528    0.0001528
  757   3.758e+06           0   0.0001531    0.0001531
  758   3.846e+06           0   0.0001535    0.0001535
  759   3.936e+06           0   0.0001538    0.0001538
  760   4.027e+06           0   0.0001542    0.0001542
  761   4.121e+06           0   0.0001545    0.0001545
  762   4.217e+06           0   0.0001549    0.0001549
  763   4.315e+06           0   0.0001552    0.0001552
  764   4.416e+06           0   0.0001556    0.0001556
  765   4.519e+06           0    0.000156     0.000156
  766   4.624e+06           0   0.0001563    0.0001563
  767   4.732e+06           0   0.0001567    0.0001567
  768   4.842e+06           0   0.0001571    0.0001571
  769   4.955e+06           0   0.0001574    0.0001574
  770    5.07e+06           0   0.0001578    0.0001578
  771   5.188e+06           0   0.0001582    0.0001582
  772   5.309e+06           0   0.0001585    0.0001585
  773   5.433e+06           0   0.0001589    0.0001589
  774   5.559e+06           0   0.0001593    0.0001593
  775   5.689e+06           0   0.0001597    0.0001597
  776   5.821e+06           0     0.00016      0.00016
  777   5.957e+06           0   0.0001604    0.0001604
  778   6.095e+06           0   0.0001608    0.0001608
  779   6.237e+06           0   0.0001612    0.0001612
  780   6.383e+06           0   0.0001615    0.0001615
  781   6.531e+06           0   0.0001619    0.0001619
  782   6.683e+06           0   0.0001623    0.0001623
  783   6.839e+06           0   0.0001627    0.0001627
  784   6.998e+06           0   0.0001631    0.0001631
  785   7.161e+06           0   0.0001635    0.0001635
  786   7.328e+06           0   0.0001639    0.0001639
  787   7.499e+06           0   0.0001642    0.0001642
  788   7.674e+06           0   0.0001646    0.0001646
  789   7.852e+06           0    0.000165     0.000165
  790   8.035e+06           0   0.0001654    0.0001654
  791   8.222e+06           0   0.0001658    0.0001658
  792   8.414e+06           0   0.0001662    0.0001662
  793    8.61e+06           0   0.0001666    0.0001666
  794    8.81e+06           0    0.000167     0.000167
  795   9.016e+06           0   0.0001674    0.0001674
  796   9.226e+06           0   0.0001678    0.0001678
  797   9.441e+06           0   0.0001682    0.0001682
  798   9.661e+06           0   0.0001686    0.0001686
  799   9.886e+06           0    0.000169     0.000169
-------------------------------------------------------------
