
-------------------------------G4_H
-------------------------------kaon-
### Fill Cross Sections for kaon- off H
-------------------------------------------------------------
    N     E(MeV)   Elastic(b)   Inelastic(b)   Total(b)
-------------------------------------------------------------
    0      0.1012       0.284           0        0.284
    1      0.1035      0.2838           0       0.2838
    2      0.1059      0.2836           0       0.2836
    3      0.1084      0.2834           0       0.2834
    4      0.1109      0.2833           0       0.2833
    5      0.1135      0.2831           0       0.2831
    6      0.1161      0.2829           0       0.2829
    7      0.1189      0.2827           0       0.2827
    8      0.1216      0.2825           0       0.2825
    9      0.1245      0.2823           0       0.2823
   10      0.1274      0.2821           0       0.2821
   11      0.1303      0.2818           0       0.2818
   12      0.1334      0.2816           0       0.2816
   13      0.1365      0.2814           0       0.2814
   14      0.1396      0.2812           0       0.2812
   15      0.1429       0.281           0        0.281
   16      0.1462      0.2808           0       0.2808
   17      0.1496      0.2806           0       0.2806
   18      0.1531      0.2803           0       0.2803
   19      0.1567      0.2801           0       0.2801
   20      0.1603      0.2799           0       0.2799
   21      0.1641      0.2796           0       0.2796
   22      0.1679      0.2794           0       0.2794
   23      0.1718      0.2792           0       0.2792
   24      0.1758      0.2789           0       0.2789
   25      0.1799      0.2787           0       0.2787
   26      0.1841      0.2784           0       0.2784
   27      0.1884      0.2782           0       0.2782
   28      0.1928      0.2779           0       0.2779
   29      0.1972      0.2777           0       0.2777
   30      0.2018      0.2774           0       0.2774
   31      0.2065      0.2771           0       0.2771
   32      0.2113      0.2769           0       0.2769
   33      0.2163      0.2766           0       0.2766
   34      0.2213      0.2763           0       0.2763
   35      0.2265      0.2761           0       0.2761
   36      0.2317      0.2758           0       0.2758
   37      0.2371      0.2755           0       0.2755
   38      0.2427      0.2752           0       0.2752
   39      0.2483      0.2749           0       0.2749
   40      0.2541      0.2747           0       0.2747
   41        0.26      0.2744           0       0.2744
   42      0.2661      0.2741           0       0.2741
   43      0.2723      0.2738           0       0.2738
   44      0.2786      0.2735           0       0.2735
   45      0.2851      0.2732           0       0.2732
   46      0.2917      0.2728           0       0.2728
   47      0.2985      0.2725           0       0.2725
   48      0.3055      0.2722           0       0.2722
   49      0.3126      0.2719           0       0.2719
   50      0.3199      0.2716           0       0.2716
   51      0.3273      0.2712           0       0.2712
   52       0.335      0.2709           0       0.2709
   53      0.3428      0.2706           0       0.2706
   54      0.3508      0.2702           0       0.2702
   55      0.3589      0.2699           0       0.2699
   56      0.3673      0.2695           0       0.2695
   57      0.3758      0.2692           0       0.2692
   58      0.3846      0.2688           0       0.2688
   59      0.3936      0.2685           0       0.2685
   60      0.4027      0.2681           0       0.2681
   61      0.4121      0.2677           0       0.2677
   62      0.4217      0.2673           0       0.2673
   63      0.4315       0.267           0        0.267
   64      0.4416      0.2666           0       0.2666
   65      0.4519      0.2662           0       0.2662
   66      0.4624      0.2658           0       0.2658
   67      0.4732      0.2654           0       0.2654
   68      0.4842       0.265           0        0.265
   69      0.4955      0.2646           0       0.2646
   70       0.507      0.2642           0       0.2642
   71      0.5188      0.2638           0       0.2638
   72      0.5309      0.2634           0       0.2634
   73      0.5433      0.2629           0       0.2629
   74      0.5559      0.2625           0       0.2625
   75      0.5689      0.2621           0       0.2621
   76      0.5821      0.2616           0       0.2616
   77      0.5957      0.2612           0       0.2612
   78      0.6095      0.2607           0       0.2607
   79      0.6237      0.2603           0       0.2603
   80      0.6383      0.2598           0       0.2598
   81      0.6531      0.2594           0       0.2594
   82      0.6683      0.2589           0       0.2589
   83      0.6839      0.2584           0       0.2584
   84      0.6998      0.2579           0       0.2579
   85      0.7161      0.2574           0       0.2574
   86      0.7328      0.2569           0       0.2569
   87      0.7499      0.2564           0       0.2564
   88      0.7674      0.2559           0       0.2559
   89      0.7852      0.2554           0       0.2554
   90      0.8035      0.2549           0       0.2549
   91      0.8222      0.2544           0       0.2544
   92      0.8414      0.2539           0       0.2539
   93       0.861      0.2533           0       0.2533
   94       0.881      0.2528           0       0.2528
   95      0.9016      0.2522           0       0.2522
   96      0.9226      0.2517           0       0.2517
   97      0.9441      0.2511           0       0.2511
   98      0.9661      0.2506           0       0.2506
   99      0.9886        0.25           0         0.25
  100       1.012      0.2494           0       0.2494
  101       1.035      0.2488           0       0.2488
  102       1.059      0.2482           0       0.2482
  103       1.084      0.2476           0       0.2476
  104       1.109       0.247           0        0.247
  105       1.135      0.2464           0       0.2464
  106       1.161      0.2458           0       0.2458
  107       1.189      0.2452           0       0.2452
  108       1.216      0.2445           0       0.2445
  109       1.245      0.2439           0       0.2439
  110       1.274      0.2432           0       0.2432
  111       1.303      0.2426           0       0.2426
  112       1.334      0.2419           0       0.2419
  113       1.365      0.2412           0       0.2412
  114       1.396      0.2405           0       0.2405
  115       1.429      0.2399           0       0.2399
  116       1.462      0.2392           0       0.2392
  117       1.496      0.2385           0       0.2385
  118       1.531      0.2377           0       0.2377
  119       1.567       0.237           0        0.237
  120       1.603      0.2363           0       0.2363
  121       1.641      0.2356           0       0.2356
  122       1.679      0.2348           0       0.2348
  123       1.718       0.234           0        0.234
  124       1.758      0.2333           0       0.2333
  125       1.799      0.2325           0       0.2325
  126       1.841      0.2317           0       0.2317
  127       1.884      0.2309           0       0.2309
  128       1.928      0.2301           0       0.2301
  129       1.972      0.2293           0       0.2293
  130       2.018      0.2285           0       0.2285
  131       2.065      0.2277           0       0.2277
  132       2.113      0.2268           0       0.2268
  133       2.163       0.226           0        0.226
  134       2.213      0.2251           0       0.2251
  135       2.265      0.2243           0       0.2243
  136       2.317      0.2234           0       0.2234
  137       2.371      0.2225           0       0.2225
  138       2.427      0.2216           0       0.2216
  139       2.483      0.2207           0       0.2207
  140       2.541      0.2198           0       0.2198
  141         2.6      0.2188           0       0.2188
  142       2.661      0.2179           0       0.2179
  143       2.723      0.2169           0       0.2169
  144       2.786       0.216           0        0.216
  145       2.851       0.215           0        0.215
  146       2.917       0.214           0        0.214
  147       2.985       0.213           0        0.213
  148       3.055       0.212           0        0.212
  149       3.126       0.211           0        0.211
  150       3.199      0.2099           0       0.2099
  151       3.273      0.2089           0       0.2089
  152        3.35      0.2078           0       0.2078
  153       3.428      0.2068           0       0.2068
  154       3.508      0.2057           0       0.2057
  155       3.589      0.2046           0       0.2046
  156       3.673      0.2035           0       0.2035
  157       3.758      0.2023           0       0.2023
  158       3.846      0.2012           0       0.2012
  159       3.936      0.2001           0       0.2001
  160       4.027      0.1989           0       0.1989
  161       4.121      0.1977           0       0.1977
  162       4.217      0.1965           0       0.1965
  163       4.315      0.1953           0       0.1953
  164       4.416      0.1941           0       0.1941
  165       4.519      0.1929           0       0.1929
  166       4.624      0.1916           0       0.1916
  167       4.732      0.1904           0       0.1904
  168       4.842      0.1891           0       0.1891
  169       4.955      0.1878           0       0.1878
  170        5.07      0.1865           0       0.1865
  171       5.188      0.1852           0       0.1852
  172       5.309      0.1838           0       0.1838
  173       5.433      0.1825           0       0.1825
  174       5.559      0.1811           0       0.1811
  175       5.689      0.1797           0       0.1797
  176       5.821      0.1783           0       0.1783
  177       5.957      0.1769           0       0.1769
  178       6.095      0.1755           0       0.1755
  179       6.237       0.174           0        0.174
  180       6.383      0.1726           0       0.1726
  181       6.531      0.1711           0       0.1711
  182       6.683      0.1696           0       0.1696
  183       6.839      0.1681           0       0.1681
  184       6.998      0.1665           0       0.1665
  185       7.161       0.165           0        0.165
  186       7.328      0.1634           0       0.1634
  187       7.499      0.1618           0       0.1618
  188       7.674      0.1602           0       0.1602
  189       7.852      0.1586           0       0.1586
  190       8.035      0.1569           0       0.1569
  191       8.222      0.1552           0       0.1552
  192       8.414      0.1535           0       0.1535
  193        8.61      0.1518           0       0.1518
  194        8.81      0.1501           0       0.1501
  195       9.016      0.1484           0       0.1484
  196       9.226      0.1466           0       0.1466
  197       9.441      0.1448           0       0.1448
  198       9.661       0.143           0        0.143
  199       9.886      0.1411           0       0.1411
  200       10.12      0.1396           0       0.1396
  201       10.35      0.1386           0       0.1386
  202       10.59      0.1376           0       0.1376
  203       10.84      0.1365           0       0.1365
  204       11.09      0.1355           0       0.1355
  205       11.35      0.1344           0       0.1344
  206       11.61      0.1334           0       0.1334
  207       11.89      0.1323           0       0.1323
  208       12.16      0.1312           0       0.1312
  209       12.45      0.1301           0       0.1301
  210       12.74      0.1289           0       0.1289
  211       13.03      0.1278           0       0.1278
  212       13.34      0.1267           0       0.1267
  213       13.65      0.1255           0       0.1255
  214       13.96      0.1243           0       0.1243
  215       14.29      0.1231           0       0.1231
  216       14.62      0.1219           0       0.1219
  217       14.96      0.1207           0       0.1207
  218       15.31      0.1194           0       0.1194
  219       15.67      0.1182           0       0.1182
  220       16.03      0.1169           0       0.1169
  221       16.41      0.1156           0       0.1156
  222       16.79      0.1143           0       0.1143
  223       17.18       0.113           0        0.113
  224       17.58      0.1117           0       0.1117
  225       17.99      0.1103           0       0.1103
  226       18.41       0.109           0        0.109
  227       18.84      0.1076           0       0.1076
  228       19.28      0.1062           0       0.1062
  229       19.72      0.1048           0       0.1048
  230       20.18      0.1034           0       0.1034
  231       20.65      0.1019           0       0.1019
  232       21.13      0.1004           0       0.1004
  233       21.63     0.09896           0      0.09896
  234       22.13     0.09746           0      0.09746
  235       22.65     0.09633           0      0.09633
  236       23.17     0.09536           0      0.09536
  237       23.71     0.09439           0      0.09439
  238       24.27     0.09339           0      0.09339
  239       24.83     0.09239           0      0.09239
  240       25.41     0.09137           0      0.09137
  241          26     0.09035           0      0.09035
  242       26.61      0.0893           0       0.0893
  243       27.23     0.08825           0      0.08825
  244       27.86     0.08718           0      0.08718
  245       28.51      0.0861           0       0.0861
  246       29.17     0.08501           0      0.08501
  247       29.85      0.0839           0       0.0839
  248       30.55     0.08278           0      0.08278
  249       31.26     0.08164           0      0.08164
  250       31.99     0.08049           0      0.08049
  251       32.73     0.07932           0      0.07932
  252        33.5     0.07814           0      0.07814
  253       34.28     0.07695           0      0.07695
  254       35.08     0.07574           0      0.07574
  255       35.89     0.07451           0      0.07451
  256       36.73     0.07327           0      0.07327
  257       37.58     0.07202           0      0.07202
  258       38.46     0.07074           0      0.07074
  259       39.36      0.0697           0       0.0697
  260       40.27     0.06897           0      0.06897
  261       41.21     0.06824           0      0.06824
  262       42.17     0.06749           0      0.06749
  263       43.15     0.06674           0      0.06674
  264       44.16     0.06597           0      0.06597
  265       45.19      0.0652           0       0.0652
  266       46.24     0.06442           0      0.06442
  267       47.32     0.06362           0      0.06362
  268       48.42     0.06282           0      0.06282
  269       49.55       0.062           0        0.062
  270        50.7     0.06118           0      0.06118
  271       51.88     0.06034           0      0.06034
  272       53.09     0.05949           0      0.05949
  273       54.33     0.05863           0      0.05863
  274       55.59     0.05776           0      0.05776
  275       56.89     0.05688           0      0.05688
  276       58.21     0.05599           0      0.05599
  277       59.57     0.05508           0      0.05508
  278       60.95     0.05444           0      0.05444
  279       62.37     0.05382           0      0.05382
  280       63.83      0.0532           0       0.0532
  281       65.31     0.05256           0      0.05256
  282       66.83     0.05191           0      0.05191
  283       68.39     0.05126           0      0.05126
  284       69.98      0.0506           0       0.0506
  285       71.61     0.04992           0      0.04992
  286       73.28     0.04924           0      0.04924
  287       74.99     0.04855           0      0.04855
  288       76.74     0.04785           0      0.04785
  289       78.52     0.04714           0      0.04714
  290       80.35     0.04642           0      0.04642
  291       82.22     0.04569           0      0.04569
  292       84.14     0.04496           0      0.04496
  293        86.1     0.04436           0      0.04436
  294        88.1     0.04375           0      0.04375
  295       90.16     0.04313           0      0.04313
  296       92.26      0.0425           0       0.0425
  297       94.41     0.04187           0      0.04187
  298       96.61     0.04122           0      0.04122
  299       98.86     0.04057           0      0.04057
  300       101.2     0.03991           0      0.03991
  301       103.5     0.03923           0      0.03923
  302       105.9     0.03855           0      0.03855
  303       108.4     0.03786           0      0.03786
  304       110.9     0.03716           0      0.03716
  305       113.5     0.03658           0      0.03658
  306       116.1     0.03604           0      0.03604
  307       118.9     0.03549           0      0.03549
  308       121.6     0.03493           0      0.03493
  309       124.5     0.03436           0      0.03436
  310       127.4     0.03379           0      0.03379
  311       130.3      0.0332           0       0.0332
  312       133.4     0.03261           0      0.03261
  313       136.5     0.03201           0      0.03201
  314       139.6      0.0314           0       0.0314
  315       142.9     0.03081           0      0.03081
  316       146.2     0.03029           0      0.03029
  317       149.6     0.02975           0      0.02975
  318       153.1     0.02921           0      0.02921
  319       156.7     0.02866           0      0.02866
  320       160.3      0.0281           0       0.0281
  321       164.1     0.02754           0      0.02754
  322       167.9     0.02696           0      0.02696
  323       171.8     0.02638           0      0.02638
  324       175.8     0.02587           0      0.02587
  325       179.9     0.02551           0      0.02551
  326       184.1     0.02514           0      0.02514
  327       188.4     0.02476           0      0.02476
  328       192.8     0.02438           0      0.02438
  329       197.2       0.024           0        0.024
  330       201.8      0.0236           0       0.0236
  331       206.5     0.02321           0      0.02321
  332       211.3      0.0228           0       0.0228
  333       216.3     0.02239           0      0.02239
  334       221.3     0.02197           0      0.02197
  335       226.5     0.02154           0      0.02154
  336       231.7     0.02111           0      0.02111
  337       237.1     0.02067           0      0.02067
  338       242.7     0.02022           0      0.02022
  339       248.3     0.01976           0      0.01976
  340       254.1      0.0193   0.0003619      0.01966
  341         260     0.01883   0.0009636      0.01979
  342       266.1     0.01835    0.001557      0.01991
  343       272.3     0.01786    0.002142         0.02
  344       278.6     0.01737     0.00272      0.02009
  345       285.1     0.01693    0.003291      0.02022
  346       291.7     0.01667    0.003856      0.02053
  347       298.5     0.01641    0.004416      0.02083
  348       305.5     0.01615    0.004971      0.02112
  349       312.6     0.01588    0.005521       0.0214
  350       319.9      0.0156    0.006069      0.02167
  351       327.3     0.01538    0.006614      0.02199
  352         335     0.01519    0.007158      0.02235
  353       342.8       0.015    0.007702       0.0227
  354       350.8      0.0148    0.008245      0.02304
  355       358.9      0.0146    0.008791      0.02339
  356       367.3     0.01452    0.009339      0.02386
  357       375.8     0.01456    0.009892      0.02446
  358       384.6     0.01461     0.01045      0.02506
  359       393.6     0.01465     0.01101      0.02566
  360       402.7     0.01469     0.01159      0.02628
  361       412.1     0.01542     0.01217      0.02758
  362       421.7     0.01628     0.01276      0.02905
  363       431.5     0.01717     0.01337      0.03053
  364       441.6     0.01807     0.01398      0.03205
  365       451.9     0.01895     0.01461      0.03356
  366       462.4     0.01981     0.01526      0.03507
  367       473.2     0.02069     0.01591       0.0366
  368       484.2     0.02159     0.01658      0.03816
  369       495.5     0.02214     0.01725      0.03939
  370         507     0.02241     0.01792      0.04033
  371       518.8     0.02268     0.01859      0.04127
  372       530.9     0.02296     0.01923      0.04219
  373       543.3     0.02288     0.01985      0.04273
  374       555.9     0.02274     0.02042      0.04316
  375       568.9     0.02259     0.02093      0.04352
  376       582.1     0.02229     0.02136      0.04365
  377       595.7     0.02174     0.02169      0.04343
  378       609.5     0.02118     0.02191       0.0431
  379       623.7      0.0206     0.02202      0.04262
  380       638.3     0.01992     0.02201      0.04193
  381       653.1     0.01923      0.0219      0.04113
  382       668.3     0.01852     0.02169      0.04021
  383       683.9      0.0178     0.02141      0.03921
  384       699.8     0.01706     0.02108      0.03814
  385       716.1     0.01639     0.02071      0.03709
  386       732.8     0.01593     0.02032      0.03626
  387       749.9     0.01547     0.01994      0.03541
  388       767.4     0.01499     0.01957      0.03456
  389       785.2     0.01451     0.01923      0.03373
  390       803.5     0.01401     0.01891      0.03292
  391       822.2      0.0135     0.01862      0.03212
  392       841.4     0.01299     0.01836      0.03135
  393         861     0.01246     0.01813      0.03059
  394         881     0.01192     0.01793      0.02986
  395       901.6     0.01141     0.01776      0.02917
  396       922.6     0.01098     0.01762      0.02859
  397       944.1     0.01054     0.01749      0.02804
  398       966.1      0.0101     0.01739      0.02749
  399       988.6    0.009646     0.01731      0.02695
  400        1012     0.00938     0.01724      0.02662
  401        1035    0.009131     0.01718      0.02632
  402        1059    0.008876     0.01714      0.02602
  403        1084    0.008616     0.01711      0.02573
  404        1109    0.008575     0.01709      0.02567
  405        1135    0.008548     0.01708      0.02562
  406        1161     0.00852     0.01707      0.02559
  407        1189    0.008492     0.01707      0.02556
  408        1216    0.008463     0.01707      0.02554
  409        1245    0.008433     0.01708      0.02552
  410        1274    0.008403     0.01709       0.0255
  411        1303    0.008372     0.01711      0.02548
  412        1334    0.008341     0.01713      0.02547
  413        1365    0.008309     0.01715      0.02545
  414        1396    0.008214     0.01717      0.02538
  415        1429    0.008097     0.01719      0.02529
  416        1462    0.007976     0.01721      0.02519
  417        1496    0.007853     0.01724      0.02509
  418        1531    0.007727     0.01726      0.02499
  419        1567    0.007599     0.01729      0.02488
  420        1603    0.007486     0.01731       0.0248
  421        1641    0.007371     0.01733      0.02471
  422        1679    0.007253     0.01736      0.02461
  423        1718    0.007133     0.01738      0.02452
  424        1758     0.00701     0.01741      0.02442
  425        1799    0.006884     0.01743      0.02431
  426        1841    0.006755     0.01745      0.02421
  427        1884    0.006623     0.01748       0.0241
  428        1928    0.006489      0.0175      0.02399
  429        1972     0.00636     0.01752      0.02388
  430        2018    0.006242     0.01754      0.02378
  431        2065    0.006123     0.01756      0.02368
  432        2113       0.006     0.01758      0.02358
  433        2163     0.00588     0.01759      0.02347
  434        2213    0.005777     0.01761      0.02339
  435        2265    0.005672     0.01763       0.0233
  436        2317    0.005565     0.01764      0.02321
  437        2371    0.005478     0.01766      0.02313
  438        2427    0.005422     0.01767      0.02309
  439        2483    0.005364     0.01768      0.02305
  440        2541    0.005306     0.01769        0.023
  441        2600    0.005251     0.01771      0.02296
  442        2661    0.005196     0.01772      0.02291
  443        2723     0.00514     0.01773      0.02287
  444        2786    0.005082     0.01773      0.02282
  445        2851    0.005023     0.01774      0.02277
  446        2917    0.004962     0.01775      0.02271
  447        2985    0.004901     0.01776      0.02266
  448        3055    0.004837     0.01776       0.0226
  449        3126    0.004773     0.01777      0.02254
  450        3199    0.004707     0.01777      0.02248
  451        3273    0.004639     0.01778      0.02242
  452        3350     0.00457     0.01778      0.02235
  453        3428    0.004499     0.01778      0.02228
  454        3508    0.004426     0.01779      0.02221
  455        3589    0.004384     0.01779      0.02217
  456        3673    0.004359     0.01779      0.02215
  457        3758    0.004333     0.01779      0.02212
  458        3846    0.004307     0.01779       0.0221
  459        3936     0.00428     0.01779      0.02207
  460        4027    0.004252     0.01779      0.02204
  461        4121    0.004224     0.01779      0.02201
  462        4217    0.004195     0.01778      0.02198
  463        4315    0.004165     0.01778      0.02195
  464        4416    0.004135     0.01778      0.02191
  465        4519    0.004104     0.01778      0.02188
  466        4624    0.004081     0.01777      0.02185
  467        4732     0.00406     0.01777      0.02183
  468        4842    0.004037     0.01776       0.0218
  469        4955    0.004015     0.01776      0.02178
  470        5070    0.003992     0.01776      0.02175
  471        5188    0.003968     0.01775      0.02172
  472        5309    0.003944     0.01775      0.02169
  473        5433    0.003919     0.01774      0.02166
  474        5559    0.003897     0.01773      0.02163
  475        5689    0.003884     0.01773      0.02161
  476        5821     0.00387     0.01772      0.02159
  477        5957    0.003857     0.01772      0.02157
  478        6095    0.003843     0.01771      0.02155
  479        6237    0.003829      0.0177      0.02153
  480        6383    0.003814     0.01769      0.02151
  481        6531    0.003799     0.01769      0.02149
  482        6683    0.003784     0.01768      0.02146
  483        6839    0.003768     0.01767      0.02144
  484        6998    0.003752     0.01767      0.02142
  485        7161    0.003736     0.01766      0.02139
  486        7328    0.003719     0.01765      0.02137
  487        7499    0.003702     0.01764      0.02134
  488        7674     0.00367     0.01763       0.0213
  489        7852    0.003634     0.01763      0.02126
  490        8035    0.003597     0.01762      0.02122
  491        8222     0.00356     0.01761      0.02117
  492        8414    0.003521      0.0176      0.02112
  493        8610    0.003482     0.01759      0.02108
  494        8810    0.003442     0.01759      0.02103
  495        9016    0.003401     0.01758      0.02098
  496        9226    0.003359     0.01757      0.02093
  497        9441    0.003316     0.01756      0.02088
  498        9661     0.00329     0.01755      0.02084
  499        9886    0.003274     0.01755      0.02082
  500   1.012e+04    0.003258     0.01754       0.0208
  501   1.035e+04    0.003242     0.01753      0.02077
  502   1.059e+04    0.003225     0.01752      0.02075
  503   1.084e+04    0.003207     0.01751      0.02072
  504   1.109e+04     0.00319     0.01751       0.0207
  505   1.135e+04    0.003172      0.0175      0.02067
  506   1.161e+04    0.003153     0.01749      0.02064
  507   1.189e+04    0.003134     0.01748      0.02062
  508   1.216e+04    0.003115     0.01748      0.02059
  509   1.245e+04    0.003095     0.01747      0.02056
  510   1.274e+04    0.003075     0.01746      0.02054
  511   1.303e+04    0.003054     0.01745      0.02051
  512   1.334e+04    0.003033     0.01745      0.02048
  513   1.365e+04    0.003011     0.01744      0.02045
  514   1.396e+04    0.002989     0.01743      0.02042
  515   1.429e+04    0.002966     0.01743      0.02039
  516   1.462e+04    0.002942     0.01742      0.02036
  517   1.496e+04    0.002919     0.01741      0.02033
  518   1.531e+04    0.002894     0.01741       0.0203
  519   1.567e+04    0.002869      0.0174      0.02027
  520   1.603e+04    0.002844     0.01739      0.02024
  521   1.641e+04    0.002818     0.01739       0.0202
  522   1.679e+04    0.002791     0.01738      0.02017
  523   1.718e+04    0.002763     0.01738      0.02014
  524   1.758e+04    0.002735     0.01737       0.0201
  525   1.799e+04    0.002707     0.01736      0.02007
  526   1.841e+04    0.002677     0.01736      0.02004
  527   1.884e+04    0.002647     0.01735         0.02
  528   1.928e+04    0.002617     0.01735      0.01996
  529   1.972e+04      0.0026     0.01734      0.01994
  530   2.018e+04    0.002599     0.01734      0.01994
  531   2.065e+04    0.002599     0.01733      0.01993
  532   2.113e+04    0.002598     0.01733      0.01993
  533   2.163e+04    0.002597     0.01733      0.01992
  534   2.213e+04    0.002597     0.01732      0.01992
  535   2.265e+04    0.002596     0.01732      0.01991
  536   2.317e+04    0.002595     0.01731      0.01991
  537   2.371e+04    0.002595     0.01731       0.0199
  538   2.427e+04    0.002594     0.01731       0.0199
  539   2.483e+04    0.002593      0.0173       0.0199
  540   2.541e+04    0.002593      0.0173      0.01989
  541     2.6e+04    0.002592      0.0173      0.01989
  542   2.661e+04    0.002591      0.0173      0.01989
  543   2.723e+04     0.00259     0.01729      0.01988
  544   2.786e+04     0.00259     0.01729      0.01988
  545   2.851e+04    0.002589     0.01729      0.01988
  546   2.917e+04    0.002588     0.01729      0.01987
  547   2.985e+04    0.002587     0.01729      0.01987
  548   3.055e+04    0.002586     0.01728      0.01987
  549   3.126e+04    0.002585     0.01728      0.01987
  550   3.199e+04    0.002584     0.01728      0.01987
  551   3.273e+04    0.002583     0.01728      0.01986
  552    3.35e+04    0.002583     0.01728      0.01986
  553   3.428e+04    0.002582     0.01728      0.01986
  554   3.508e+04    0.002581     0.01728      0.01986
  555   3.589e+04     0.00258     0.01728      0.01986
  556   3.673e+04    0.002578     0.01728      0.01986
  557   3.758e+04    0.002577     0.01728      0.01986
  558   3.846e+04    0.002576     0.01728      0.01986
  559   3.936e+04    0.002575     0.01728      0.01986
  560   4.027e+04    0.002574     0.01728      0.01986
  561   4.121e+04    0.002573     0.01728      0.01986
  562   4.217e+04    0.002572     0.01728      0.01986
  563   4.315e+04     0.00257     0.01729      0.01986
  564   4.416e+04    0.002569     0.01729      0.01986
  565   4.519e+04    0.002568     0.01729      0.01986
  566   4.624e+04    0.002567     0.01729      0.01986
  567   4.732e+04    0.002565      0.0173      0.01986
  568   4.842e+04    0.002564      0.0173      0.01986
  569   4.955e+04    0.002562      0.0173      0.01986
  570    5.07e+04    0.002561      0.0173      0.01987
  571   5.188e+04     0.00256     0.01731      0.01987
  572   5.309e+04    0.002558     0.01731      0.01987
  573   5.433e+04    0.002556     0.01731      0.01987
  574   5.559e+04    0.002555     0.01732      0.01987
  575   5.689e+04    0.002553     0.01732      0.01988
  576   5.821e+04    0.002552     0.01733      0.01988
  577   5.957e+04     0.00255     0.01733      0.01988
  578   6.095e+04    0.002548     0.01734      0.01989
  579   6.237e+04    0.002546     0.01734      0.01989
  580   6.383e+04    0.002545     0.01735      0.01989
  581   6.531e+04    0.002543     0.01735       0.0199
  582   6.683e+04    0.002541     0.01736       0.0199
  583   6.839e+04    0.002539     0.01737       0.0199
  584   6.998e+04    0.002537     0.01737      0.01991
  585   7.161e+04    0.002535     0.01738      0.01991
  586   7.328e+04    0.002533     0.01738      0.01992
  587   7.499e+04    0.002531     0.01739      0.01992
  588   7.674e+04    0.002528      0.0174      0.01993
  589   7.852e+04    0.002526     0.01741      0.01993
  590   8.035e+04    0.002524     0.01741      0.01994
  591   8.222e+04    0.002522     0.01742      0.01994
  592   8.414e+04    0.002519     0.01743      0.01995
  593    8.61e+04    0.002517     0.01744      0.01995
  594    8.81e+04    0.002514     0.01745      0.01996
  595   9.016e+04    0.002512     0.01746      0.01997
  596   9.226e+04    0.002509     0.01746      0.01997
  597   9.441e+04    0.002506     0.01747      0.01998
  598   9.661e+04    0.002504     0.01748      0.01999
  599   9.886e+04    0.002501     0.01749      0.01999
  600   1.012e+05    0.002505      0.0175      0.02001
  601   1.035e+05    0.002513     0.01751      0.02003
  602   1.059e+05     0.00252     0.01752      0.02004
  603   1.084e+05    0.002528     0.01753      0.02006
  604   1.109e+05    0.002536     0.01754      0.02008
  605   1.135e+05    0.002543     0.01756       0.0201
  606   1.161e+05    0.002551     0.01757      0.02012
  607   1.189e+05    0.002559     0.01758      0.02014
  608   1.216e+05    0.002567     0.01759      0.02016
  609   1.245e+05    0.002575      0.0176      0.02018
  610   1.274e+05    0.002583     0.01761       0.0202
  611   1.303e+05    0.002591     0.01763      0.02022
  612   1.334e+05    0.002599     0.01764      0.02024
  613   1.365e+05    0.002607     0.01765      0.02026
  614   1.396e+05    0.002615     0.01767      0.02028
  615   1.429e+05    0.002623     0.01768       0.0203
  616   1.462e+05    0.002631     0.01769      0.02032
  617   1.496e+05    0.002639     0.01771      0.02035
  618   1.531e+05    0.002648     0.01772      0.02037
  619   1.567e+05    0.002656     0.01773      0.02039
  620   1.603e+05    0.002664     0.01775      0.02041
  621   1.641e+05    0.002673     0.01776      0.02044
  622   1.679e+05    0.002682     0.01778      0.02046
  623   1.718e+05     0.00269     0.01779      0.02048
  624   1.758e+05    0.002699     0.01781      0.02051
  625   1.799e+05    0.002708     0.01782      0.02053
  626   1.841e+05    0.002716     0.01784      0.02056
  627   1.884e+05    0.002725     0.01786      0.02058
  628   1.928e+05    0.002734     0.01787      0.02061
  629   1.972e+05    0.002743     0.01789      0.02063
  630   2.018e+05    0.002752     0.01791      0.02066
  631   2.065e+05    0.002762     0.01792      0.02069
  632   2.113e+05    0.002771     0.01794      0.02071
  633   2.163e+05     0.00278     0.01796      0.02074
  634   2.213e+05     0.00279     0.01798      0.02077
  635   2.265e+05    0.002799     0.01799      0.02079
  636   2.317e+05    0.002809     0.01801      0.02082
  637   2.371e+05    0.002819     0.01803      0.02085
  638   2.427e+05    0.002828     0.01805      0.02088
  639   2.483e+05    0.002838     0.01807      0.02091
  640   2.541e+05    0.002848     0.01809      0.02094
  641     2.6e+05    0.002858     0.01811      0.02097
  642   2.661e+05    0.002869     0.01813      0.02099
  643   2.723e+05    0.002879     0.01815      0.02103
  644   2.786e+05    0.002889     0.01817      0.02106
  645   2.851e+05      0.0029     0.01819      0.02109
  646   2.917e+05     0.00291     0.01821      0.02112
  647   2.985e+05    0.002921     0.01823      0.02115
  648   3.055e+05    0.002932     0.01825      0.02118
  649   3.126e+05    0.002943     0.01827      0.02121
  650   3.199e+05    0.002954     0.01829      0.02125
  651   3.273e+05    0.002965     0.01831      0.02128
  652    3.35e+05    0.002977     0.01834      0.02131
  653   3.428e+05    0.002988     0.01836      0.02135
  654   3.508e+05       0.003     0.01838      0.02138
  655   3.589e+05    0.003011      0.0184      0.02141
  656   3.673e+05    0.003023     0.01843      0.02145
  657   3.758e+05    0.003035     0.01845      0.02148
  658   3.846e+05    0.003048     0.01847      0.02152
  659   3.936e+05     0.00306      0.0185      0.02156
  660   4.027e+05    0.003072     0.01852      0.02159
  661   4.121e+05    0.003085     0.01854      0.02163
  662   4.217e+05    0.003098     0.01857      0.02167
  663   4.315e+05    0.003111     0.01859       0.0217
  664   4.416e+05    0.003124     0.01862      0.02174
  665   4.519e+05    0.003137     0.01864      0.02178
  666   4.624e+05    0.003151     0.01867      0.02182
  667   4.732e+05    0.003165     0.01869      0.02186
  668   4.842e+05    0.003179     0.01872       0.0219
  669   4.955e+05    0.003193     0.01874      0.02194
  670    5.07e+05    0.003207     0.01877      0.02198
  671   5.188e+05    0.003222      0.0188      0.02202
  672   5.309e+05    0.003236     0.01882      0.02206
  673   5.433e+05    0.003251     0.01885       0.0221
  674   5.559e+05    0.003267     0.01888      0.02214
  675   5.689e+05    0.003282      0.0189      0.02219
  676   5.821e+05    0.003298     0.01893      0.02223
  677   5.957e+05    0.003314     0.01896      0.02227
  678   6.095e+05     0.00333     0.01899      0.02232
  679   6.237e+05    0.003346     0.01902      0.02236
  680   6.383e+05    0.003363     0.01904      0.02241
  681   6.531e+05     0.00338     0.01907      0.02245
  682   6.683e+05    0.003397      0.0191       0.0225
  683   6.839e+05    0.003415     0.01913      0.02255
  684   6.998e+05    0.003432     0.01916      0.02259
  685   7.161e+05     0.00345     0.01919      0.02264
  686   7.328e+05    0.003469     0.01922      0.02269
  687   7.499e+05    0.003487     0.01925      0.02274
  688   7.674e+05    0.003506     0.01928      0.02279
  689   7.852e+05    0.003526     0.01931      0.02284
  690   8.035e+05    0.003545     0.01934      0.02289
  691   8.222e+05    0.003565     0.01937      0.02294
  692   8.414e+05    0.003586      0.0194      0.02299
  693    8.61e+05    0.003606     0.01944      0.02304
  694    8.81e+05    0.003628     0.01947      0.02309
  695   9.016e+05    0.003649      0.0195      0.02315
  696   9.226e+05    0.003671     0.01953       0.0232
  697   9.441e+05    0.003693     0.01956      0.02326
  698   9.661e+05    0.003716      0.0196      0.02331
  699   9.886e+05    0.003739     0.01963      0.02337
  700   1.012e+06    0.003762     0.02068      0.02444
  701   1.035e+06    0.003786     0.02072      0.02451
  702   1.059e+06    0.003811     0.02076      0.02458
  703   1.084e+06    0.003835     0.02081      0.02464
  704   1.109e+06    0.003861     0.02085      0.02471
  705   1.135e+06    0.003887      0.0209      0.02478
  706   1.161e+06    0.003913     0.02094      0.02485
  707   1.189e+06     0.00394     0.02099      0.02493
  708   1.216e+06    0.003967     0.02103        0.025
  709   1.245e+06    0.003995     0.02108      0.02507
  710   1.274e+06    0.004023     0.02112      0.02515
  711   1.303e+06    0.004052     0.02117      0.02522
  712   1.334e+06    0.004082     0.02122       0.0253
  713   1.365e+06    0.004112     0.02126      0.02538
  714   1.396e+06    0.004142     0.02131      0.02545
  715   1.429e+06    0.004174     0.02136      0.02553
  716   1.462e+06    0.004206     0.02141      0.02561
  717   1.496e+06    0.004238     0.02145      0.02569
  718   1.531e+06    0.004272      0.0215      0.02577
  719   1.567e+06    0.004306     0.02155      0.02586
  720   1.603e+06     0.00434      0.0216      0.02594
  721   1.641e+06    0.004376     0.02165      0.02602
  722   1.679e+06    0.004412      0.0217      0.02611
  723   1.718e+06    0.004449     0.02175       0.0262
  724   1.758e+06    0.004486      0.0218      0.02628
  725   1.799e+06    0.004525     0.02185      0.02637
  726   1.841e+06    0.004564      0.0219      0.02646
  727   1.884e+06    0.004604     0.02195      0.02655
  728   1.928e+06    0.004645       0.022      0.02665
  729   1.972e+06    0.004687     0.02205      0.02674
  730   2.018e+06     0.00473      0.0221      0.02683
  731   2.065e+06    0.004773     0.02216      0.02693
  732   2.113e+06    0.004818     0.02221      0.02703
  733   2.163e+06    0.004863     0.02226      0.02712
  734   2.213e+06     0.00491     0.02231      0.02722
  735   2.265e+06    0.004957     0.02237      0.02732
  736   2.317e+06    0.005006     0.02242      0.02743
  737   2.371e+06    0.005055     0.02247      0.02753
  738   2.427e+06    0.005106     0.02253      0.02763
  739   2.483e+06    0.005158     0.02258      0.02774
  740   2.541e+06    0.005211     0.02264      0.02785
  741     2.6e+06    0.005265     0.02269      0.02796
  742   2.661e+06    0.005321     0.02275      0.02807
  743   2.723e+06    0.005377      0.0228      0.02818
  744   2.786e+06    0.005435     0.02286      0.02829
  745   2.851e+06    0.005494     0.02292      0.02841
  746   2.917e+06    0.005555     0.02297      0.02853
  747   2.985e+06    0.005616     0.02303      0.02865
  748   3.055e+06     0.00568     0.02309      0.02877
  749   3.126e+06    0.005744     0.02314      0.02889
  750   3.199e+06     0.00581      0.0232      0.02901
  751   3.273e+06    0.005878     0.02326      0.02914
  752    3.35e+06    0.005947     0.02332      0.02926
  753   3.428e+06    0.006018     0.02338      0.02939
  754   3.508e+06     0.00609     0.02343      0.02952
  755   3.589e+06    0.006164     0.02349      0.02966
  756   3.673e+06     0.00624     0.02355      0.02979
  757   3.758e+06    0.006318     0.02361      0.02993
  758   3.846e+06    0.006397     0.02367      0.03007
  759   3.936e+06    0.006478     0.02373      0.03021
  760   4.027e+06    0.006561     0.02379      0.03035
  761   4.121e+06    0.006646     0.02385       0.0305
  762   4.217e+06    0.006732     0.02391      0.03065
  763   4.315e+06    0.006821     0.02398       0.0308
  764   4.416e+06    0.006912     0.02404      0.03095
  765   4.519e+06    0.007005      0.0241       0.0311
  766   4.624e+06      0.0071     0.02416      0.03126
  767   4.732e+06    0.007198     0.02422      0.03142
  768   4.842e+06    0.007298     0.02429      0.03158
  769   4.955e+06      0.0074     0.02435      0.03175
  770    5.07e+06    0.007504     0.02441      0.03192
  771   5.188e+06    0.007611     0.02448      0.03209
  772   5.309e+06     0.00772     0.02454      0.03226
  773   5.433e+06    0.007832     0.02461      0.03244
  774   5.559e+06    0.007947     0.02467      0.03262
  775   5.689e+06    0.008064     0.02473       0.0328
  776   5.821e+06    0.008184      0.0248      0.03298
  777   5.957e+06    0.008307     0.02487      0.03317
  778   6.095e+06    0.008433     0.02493      0.03336
  779   6.237e+06    0.008562       0.025      0.03356
  780   6.383e+06    0.008694     0.02506      0.03376
  781   6.531e+06    0.008829     0.02513      0.03396
  782   6.683e+06    0.008967      0.0252      0.03416
  783   6.839e+06    0.009109     0.02526      0.03437
  784   6.998e+06    0.009254     0.02533      0.03459
  785   7.161e+06    0.009402      0.0254       0.0348
  786   7.328e+06    0.009554     0.02547      0.03502
  787   7.499e+06     0.00971     0.02554      0.03525
  788   7.674e+06    0.009869      0.0256      0.03547
  789   7.852e+06     0.01003     0.02567      0.03571
  790   8.035e+06      0.0102     0.02574      0.03594
  791   8.222e+06     0.01037     0.02581      0.03618
  792   8.414e+06     0.01055     0.02588      0.03643
  793    8.61e+06     0.01072     0.02595      0.03668
  794    8.81e+06     0.01091     0.02602      0.03693
  795   9.016e+06      0.0111     0.02609      0.03719
  796   9.226e+06     0.01129     0.02616      0.03745
  797   9.441e+06     0.01149     0.02624      0.03772
  798   9.661e+06     0.01169     0.02631      0.03799
  799   9.886e+06      0.0119     0.02638      0.03827
-------------------------------------------------------------
