-------------------------------G4_H
-------------------------------kaon+
### Fill Cross Sections for kaon+ off H
-------------------------------------------------------------
    N     E(MeV)   Elastic(b)   Inelastic(b)   Total(b)
-------------------------------------------------------------
    0      0.1012     0.01012    0.002069      0.01219
    1      0.1035     0.01012    0.002069      0.01219
    2      0.1059     0.01012    0.002069      0.01219
    3      0.1084     0.01012     0.00207      0.01219
    4      0.1109     0.01013     0.00207       0.0122
    5      0.1135     0.01013     0.00207       0.0122
    6      0.1161     0.01013    0.002071       0.0122
    7      0.1189     0.01013    0.002071       0.0122
    8      0.1216     0.01013    0.002072       0.0122
    9      0.1245     0.01013    0.002072       0.0122
   10      0.1274     0.01013    0.002072      0.01221
   11      0.1303     0.01014    0.002073      0.01221
   12      0.1334     0.01014    0.002073      0.01221
   13      0.1365     0.01014    0.002074      0.01221
   14      0.1396     0.01014    0.002074      0.01221
   15      0.1429     0.01014    0.002074      0.01222
   16      0.1462     0.01014    0.002075      0.01222
   17      0.1496     0.01015    0.002075      0.01222
   18      0.1531     0.01015    0.002076      0.01222
   19      0.1567     0.01015    0.002076      0.01223
   20      0.1603     0.01015    0.002077      0.01223
   21      0.1641     0.01015    0.002077      0.01223
   22      0.1679     0.01015    0.002077      0.01223
   23      0.1718     0.01016    0.002078      0.01223
   24      0.1758     0.01016    0.002078      0.01224
   25      0.1799     0.01016    0.002079      0.01224
   26      0.1841     0.01016    0.002079      0.01224
   27      0.1884     0.01016     0.00208      0.01224
   28      0.1928     0.01017     0.00208      0.01225
   29      0.1972     0.01017    0.002081      0.01225
   30      0.2018     0.01017    0.002081      0.01225
   31      0.2065     0.01017    0.002082      0.01225
   32      0.2113     0.01017    0.002082      0.01226
   33      0.2163     0.01018    0.002083      0.01226
   34      0.2213     0.01018    0.002083      0.01226
   35      0.2265     0.01018    0.002084      0.01226
   36      0.2317     0.01018    0.002084      0.01227
   37      0.2371     0.01018    0.002085      0.01227
   38      0.2427     0.01019    0.002085      0.01227
   39      0.2483     0.01019    0.002086      0.01227
   40      0.2541     0.01019    0.002087      0.01228
   41        0.26     0.01019    0.002087      0.01228
   42      0.2661     0.01019    0.002088      0.01228
   43      0.2723      0.0102    0.002088      0.01229
   44      0.2786      0.0102    0.002089      0.01229
   45      0.2851      0.0102    0.002089      0.01229
   46      0.2917      0.0102     0.00209      0.01229
   47      0.2985     0.01021    0.002091       0.0123
   48      0.3055     0.01021    0.002091       0.0123
   49      0.3126     0.01021    0.002092       0.0123
   50      0.3199     0.01021    0.002093      0.01231
   51      0.3273     0.01022    0.002093      0.01231
   52       0.335     0.01022    0.002094      0.01231
   53      0.3428     0.01022    0.002094      0.01232
   54      0.3508     0.01022    0.002095      0.01232
   55      0.3589     0.01023    0.002096      0.01232
   56      0.3673     0.01023    0.002097      0.01233
   57      0.3758     0.01023    0.002097      0.01233
   58      0.3846     0.01023    0.002098      0.01233
   59      0.3936     0.01024    0.002099      0.01234
   60      0.4027     0.01024    0.002099      0.01234
   61      0.4121     0.01024      0.0021      0.01234
   62      0.4217     0.01024    0.002101      0.01235
   63      0.4315     0.01025    0.002101      0.01235
   64      0.4416     0.01025    0.002102      0.01235
   65      0.4519     0.01025    0.002103      0.01236
   66      0.4624     0.01026    0.002104      0.01236
   67      0.4732     0.01026    0.002105      0.01236
   68      0.4842     0.01026    0.002105      0.01237
   69      0.4955     0.01027    0.002106      0.01237
   70       0.507     0.01027    0.002107      0.01238
   71      0.5188     0.01027    0.002108      0.01238
   72      0.5309     0.01027    0.002109      0.01238
   73      0.5433     0.01028    0.002109      0.01239
   74      0.5559     0.01028     0.00211      0.01239
   75      0.5689     0.01028    0.002111       0.0124
   76      0.5821     0.01029    0.002112       0.0124
   77      0.5957     0.01029    0.002113       0.0124
   78      0.6095     0.01029    0.002114      0.01241
   79      0.6237      0.0103    0.002115      0.01241
   80      0.6383      0.0103    0.002116      0.01242
   81      0.6531      0.0103    0.002116      0.01242
   82      0.6683     0.01031    0.002117      0.01243
   83      0.6839     0.01031    0.002118      0.01243
   84      0.6998     0.01032    0.002119      0.01243
   85      0.7161     0.01032     0.00212      0.01244
   86      0.7328     0.01032    0.002121      0.01244
   87      0.7499     0.01033    0.002122      0.01245
   88      0.7674     0.01033    0.002123      0.01245
   89      0.7852     0.01033    0.002124      0.01246
   90      0.8035     0.01034    0.002125      0.01246
   91      0.8222     0.01034    0.002126      0.01247
   92      0.8414     0.01035    0.002127      0.01247
   93       0.861     0.01035    0.002128      0.01248
   94       0.881     0.01035    0.002129      0.01248
   95      0.9016     0.01036     0.00213      0.01249
   96      0.9226     0.01036    0.002132      0.01249
   97      0.9441     0.01037    0.002133       0.0125
   98      0.9661     0.01037    0.002134       0.0125
   99      0.9886     0.01038    0.002135      0.01251
  100       1.012     0.01038    0.002136      0.01252
  101       1.035     0.01038    0.002137      0.01252
  102       1.059     0.01039    0.002138      0.01253
  103       1.084     0.01039     0.00214      0.01253
  104       1.109      0.0104    0.002141      0.01254
  105       1.135      0.0104    0.002142      0.01254
  106       1.161     0.01041    0.002143      0.01255
  107       1.189     0.01041    0.002145      0.01256
  108       1.216     0.01042    0.002146      0.01256
  109       1.245     0.01042    0.002147      0.01257
  110       1.274     0.01043    0.002148      0.01257
  111       1.303     0.01043     0.00215      0.01258
  112       1.334     0.01044    0.002151      0.01259
  113       1.365     0.01044    0.002153      0.01259
  114       1.396     0.01045    0.002154       0.0126
  115       1.429     0.01045    0.002155      0.01261
  116       1.462     0.01046    0.002157      0.01261
  117       1.496     0.01046    0.002158      0.01262
  118       1.531     0.01047     0.00216      0.01263
  119       1.567     0.01047    0.002161      0.01263
  120       1.603     0.01048    0.002162      0.01264
  121       1.641     0.01048    0.002164      0.01265
  122       1.679     0.01049    0.002165      0.01265
  123       1.718     0.01049    0.002167      0.01266
  124       1.758      0.0105    0.002169      0.01267
  125       1.799     0.01051     0.00217      0.01268
  126       1.841     0.01051    0.002172      0.01268
  127       1.884     0.01052    0.002173      0.01269
  128       1.928     0.01052    0.002175       0.0127
  129       1.972     0.01053    0.002177      0.01271
  130       2.018     0.01054    0.002178      0.01271
  131       2.065     0.01054     0.00218      0.01272
  132       2.113     0.01055    0.002182      0.01273
  133       2.163     0.01056    0.002183      0.01274
  134       2.213     0.01056    0.002185      0.01275
  135       2.265     0.01057    0.002187      0.01276
  136       2.317     0.01057    0.002189      0.01276
  137       2.371     0.01058    0.002191      0.01277
  138       2.427     0.01059    0.002192      0.01278
  139       2.483     0.01059    0.002194      0.01279
  140       2.541      0.0106    0.002196       0.0128
  141         2.6     0.01061    0.002198      0.01281
  142       2.661     0.01062      0.0022      0.01282
  143       2.723     0.01062    0.002202      0.01283
  144       2.786     0.01063    0.002204      0.01283
  145       2.851     0.01064    0.002206      0.01284
  146       2.917     0.01064    0.002208      0.01285
  147       2.985     0.01065     0.00221      0.01286
  148       3.055     0.01066    0.002212      0.01287
  149       3.126     0.01067    0.002214      0.01288
  150       3.199     0.01068    0.002217      0.01289
  151       3.273     0.01068    0.002219       0.0129
  152        3.35     0.01069    0.002221      0.01291
  153       3.428      0.0107    0.002223      0.01292
  154       3.508     0.01071    0.002226      0.01293
  155       3.589     0.01072    0.002228      0.01294
  156       3.673     0.01072     0.00223      0.01295
  157       3.758     0.01073    0.002233      0.01296
  158       3.846     0.01074    0.002235      0.01298
  159       3.936     0.01075    0.002237      0.01299
  160       4.027     0.01076     0.00224        0.013
  161       4.121     0.01077    0.002242      0.01301
  162       4.217     0.01078    0.002245      0.01302
  163       4.315     0.01078    0.002247      0.01303
  164       4.416     0.01079     0.00225      0.01304
  165       4.519      0.0108    0.002253      0.01306
  166       4.624     0.01081    0.002255      0.01307
  167       4.732     0.01082    0.002258      0.01308
  168       4.842     0.01083    0.002261      0.01309
  169       4.955     0.01084    0.002263       0.0131
  170        5.07     0.01085    0.002266      0.01312
  171       5.188     0.01086    0.002269      0.01313
  172       5.309     0.01087    0.002272      0.01314
  173       5.433     0.01088    0.002275      0.01316
  174       5.559     0.01089    0.002278      0.01317
  175       5.689      0.0109    0.002281      0.01318
  176       5.821     0.01091    0.002284       0.0132
  177       5.957     0.01092    0.002287      0.01321
  178       6.095     0.01093     0.00229      0.01322
  179       6.237     0.01094    0.002293      0.01324
  180       6.383     0.01096    0.002296      0.01325
  181       6.531     0.01097      0.0023      0.01327
  182       6.683     0.01098    0.002303      0.01328
  183       6.839     0.01099    0.002306       0.0133
  184       6.998       0.011     0.00231      0.01331
  185       7.161     0.01101    0.002313      0.01333
  186       7.328     0.01102    0.002317      0.01334
  187       7.499     0.01104     0.00232      0.01336
  188       7.674     0.01105    0.002324      0.01337
  189       7.852     0.01106    0.002327      0.01339
  190       8.035     0.01107    0.002331       0.0134
  191       8.222     0.01109    0.002335      0.01342
  192       8.414      0.0111    0.002338      0.01344
  193        8.61     0.01111    0.002342      0.01345
  194        8.81     0.01112    0.002346      0.01347
  195       9.016     0.01114     0.00235      0.01349
  196       9.226     0.01115    0.002354       0.0135
  197       9.441     0.01116    0.002358      0.01352
  198       9.661     0.01118    0.002362      0.01354
  199       9.886     0.01119    0.002366      0.01356
  200       10.12      0.0112    0.004904       0.0161
  201       10.35      0.0112    0.004911      0.01611
  202       10.59     0.01121    0.004918      0.01612
  203       10.84     0.01121    0.004925      0.01613
  204       11.09     0.01121    0.004932      0.01614
  205       11.35     0.01121     0.00494      0.01615
  206       11.61     0.01122    0.004947      0.01616
  207       11.89     0.01122    0.004955      0.01617
  208       12.16     0.01122    0.004962      0.01618
  209       12.45     0.01122     0.00497      0.01619
  210       12.74     0.01123    0.004978       0.0162
  211       13.03     0.01123    0.004986      0.01621
  212       13.34     0.01123    0.004994      0.01622
  213       13.65     0.01123    0.005002      0.01624
  214       13.96     0.01124     0.00501      0.01625
  215       14.29     0.01124    0.005018      0.01626
  216       14.62     0.01124    0.005027      0.01627
  217       14.96     0.01124    0.005035      0.01628
  218       15.31     0.01125    0.005044      0.01629
  219       15.67     0.01125    0.005053       0.0163
  220       16.03     0.01125    0.005062      0.01632
  221       16.41     0.01126    0.005071      0.01633
  222       16.79     0.01126     0.00508      0.01634
  223       17.18     0.01126    0.005089      0.01635
  224       17.58     0.01127    0.005098      0.01636
  225       17.99     0.01127    0.005108      0.01638
  226       18.41     0.01127    0.005117      0.01639
  227       18.84     0.01128    0.005127       0.0164
  228       19.28     0.01128    0.005137      0.01642
  229       19.72     0.01128    0.005146      0.01643
  230       20.18     0.01129    0.005156      0.01644
  231       20.65     0.01129    0.005167      0.01646
  232       21.13     0.01129    0.005177      0.01647
  233       21.63      0.0113    0.005187      0.01648
  234       22.13      0.0113    0.005198       0.0165
  235       22.65      0.0113    0.005209      0.01651
  236       23.17     0.01131    0.005219      0.01653
  237       23.71     0.01131     0.00523      0.01654
  238       24.27     0.01131    0.005241      0.01655
  239       24.83     0.01132    0.005253      0.01657
  240       25.41     0.01132    0.005264      0.01658
  241          26     0.01132    0.005275       0.0166
  242       26.61     0.01133    0.005287      0.01662
  243       27.23     0.01133    0.005299      0.01663
  244       27.86     0.01134    0.005311      0.01665
  245       28.51     0.01134    0.005323      0.01666
  246       29.17     0.01134    0.005335      0.01668
  247       29.85     0.01135    0.005347       0.0167
  248       30.55     0.01135     0.00536      0.01671
  249       31.26     0.01136    0.005373      0.01673
  250       31.99     0.01136    0.005385      0.01675
  251       32.73     0.01137    0.005398      0.01676
  252        33.5     0.01137    0.005411      0.01678
  253       34.28     0.01137    0.005425       0.0168
  254       35.08     0.01138    0.005438      0.01682
  255       35.89     0.01138    0.005452      0.01683
  256       36.73     0.01139    0.005465      0.01685
  257       37.58     0.01139    0.005479      0.01687
  258       38.46      0.0114    0.005493      0.01689
  259       39.36      0.0114    0.005507      0.01691
  260       40.27     0.01141    0.005522      0.01693
  261       41.21     0.01141    0.005536      0.01695
  262       42.17     0.01142    0.005551      0.01697
  263       43.15     0.01142    0.005566      0.01699
  264       44.16     0.01143    0.005581      0.01701
  265       45.19     0.01143    0.005596      0.01703
  266       46.24     0.01144    0.005611      0.01705
  267       47.32     0.01144    0.005626      0.01707
  268       48.42     0.01145    0.005642      0.01709
  269       49.55     0.01145    0.005658      0.01711
  270        50.7     0.01146    0.005674      0.01713
  271       51.88     0.01146     0.00569      0.01715
  272       53.09     0.01147    0.005706      0.01718
  273       54.33     0.01148    0.005722       0.0172
  274       55.59     0.01148    0.005739      0.01722
  275       56.89     0.01149    0.005755      0.01724
  276       58.21     0.01149    0.005772      0.01727
  277       59.57      0.0115    0.005789      0.01729
  278       60.95     0.01151    0.005806      0.01731
  279       62.37     0.01151    0.005823      0.01733
  280       63.83     0.01152     0.00584      0.01736
  281       65.31     0.01152    0.005858      0.01738
  282       66.83     0.01153    0.005875      0.01741
  283       68.39     0.01154    0.005893      0.01743
  284       69.98     0.01154     0.00591      0.01745
  285       71.61     0.01155    0.005928      0.01748
  286       73.28     0.01156    0.005946       0.0175
  287       74.99     0.01156    0.005964      0.01753
  288       76.74     0.01157    0.005982      0.01755
  289       78.52     0.01158       0.006      0.01758
  290       80.35     0.01159    0.006018       0.0176
  291       82.22     0.01159    0.006036      0.01763
  292       84.14      0.0116    0.006054      0.01765
  293        86.1     0.01162    0.006072      0.01769
  294        88.1     0.01163     0.00609      0.01772
  295       90.16     0.01165    0.006108      0.01775
  296       92.26     0.01166    0.006126      0.01779
  297       94.41     0.01168    0.006144      0.01782
  298       96.61     0.01169    0.006162      0.01786
  299       98.86     0.01171    0.006179      0.01789
  300       101.2     0.01173    0.006197      0.01792
  301       103.5     0.01174    0.006214      0.01796
  302       105.9     0.01176    0.006231      0.01799
  303       108.4     0.01178    0.006248      0.01803
  304       110.9      0.0118    0.006265      0.01806
  305       113.5     0.01181    0.006281       0.0181
  306       116.1     0.01183    0.006298      0.01813
  307       118.9     0.01185    0.006313      0.01816
  308       121.6     0.01187    0.006329       0.0182
  309       124.5     0.01189    0.006344      0.01823
  310       127.4     0.01191    0.006358      0.01827
  311       130.3     0.01193    0.006372       0.0183
  312       133.4     0.01195    0.006386      0.01833
  313       136.5     0.01197    0.006399      0.01837
  314       139.6     0.01199    0.006411       0.0184
  315       142.9       0.012    0.006422      0.01843
  316       146.2     0.01201    0.006433      0.01845
  317       149.6     0.01202    0.006443      0.01847
  318       153.1     0.01204    0.006452      0.01849
  319       156.7     0.01205    0.006461      0.01851
  320       160.3     0.01206    0.006468      0.01853
  321       164.1     0.01207    0.006474      0.01854
  322       167.9     0.01208    0.006479      0.01856
  323       171.8     0.01209    0.006483      0.01858
  324       175.8      0.0121    0.006486      0.01859
  325       179.9     0.01212    0.006487       0.0186
  326       184.1     0.01213    0.006488      0.01862
  327       188.4     0.01214    0.006486      0.01863
  328       192.8     0.01215    0.006484      0.01864
  329       197.2     0.01217     0.00648      0.01865
  330       201.8     0.01218    0.006474      0.01865
  331       206.5     0.01219    0.006467      0.01866
  332       211.3     0.01221    0.006459      0.01867
  333       216.3     0.01222    0.006449      0.01867
  334       221.3     0.01223    0.006437      0.01867
  335       226.5     0.01225    0.006424      0.01867
  336       231.7     0.01226    0.006409      0.01867
  337       237.1     0.01228    0.006393      0.01867
  338       242.7     0.01229    0.006376      0.01867
  339       248.3     0.01231    0.006357      0.01867
  340       254.1     0.01232    0.006338      0.01866
  341         260     0.01234    0.006317      0.01866
  342       266.1     0.01235    0.006296      0.01865
  343       272.3     0.01237    0.006274      0.01865
  344       278.6     0.01239    0.006252      0.01864
  345       285.1      0.0124     0.00623      0.01863
  346       291.7     0.01242    0.006208      0.01863
  347       298.5     0.01244    0.006187      0.01863
  348       305.5     0.01246    0.006167      0.01862
  349       312.6     0.01247    0.006149      0.01862
  350       319.9     0.01249    0.006132      0.01863
  351       327.3      0.0125    0.006119      0.01862
  352         335      0.0125    0.006108      0.01861
  353       342.8      0.0125    0.006101       0.0186
  354       350.8      0.0125    0.006098       0.0186
  355       358.9      0.0125    0.006099       0.0186
  356       367.3      0.0125    0.006106      0.01861
  357       375.8      0.0125    0.006119      0.01862
  358       384.6      0.0125    0.006138      0.01864
  359       393.6      0.0125    0.006164      0.01866
  360       402.7      0.0125    0.006198       0.0187
  361       412.1     0.01248    0.006239      0.01872
  362       421.7     0.01246    0.006289      0.01875
  363       431.5     0.01244    0.006347      0.01878
  364       441.6     0.01241    0.006414      0.01883
  365       451.9     0.01239     0.00649      0.01888
  366       462.4     0.01236    0.006575      0.01894
  367       473.2     0.01234     0.00667      0.01901
  368       484.2     0.01231    0.006774      0.01909
  369       495.5     0.01229    0.006886      0.01917
  370         507     0.01226    0.007007      0.01927
  371       518.8     0.01223    0.007137      0.01937
  372       530.9      0.0122    0.007275      0.01948
  373       543.3     0.01215     0.00742      0.01957
  374       555.9      0.0121    0.007572      0.01967
  375       568.9     0.01204     0.00773      0.01977
  376       582.1     0.01198    0.007894      0.01987
  377       595.7     0.01192    0.008063      0.01998
  378       609.5     0.01185    0.008236      0.02009
  379       623.7     0.01179    0.008412       0.0202
  380       638.3     0.01169    0.008591      0.02028
  381       653.1     0.01159    0.008772      0.02036
  382       668.3     0.01149    0.008953      0.02044
  383       683.9     0.01139    0.009135      0.02052
  384       699.8     0.01128    0.009316       0.0206
  385       716.1     0.01121    0.009496      0.02071
  386       732.8     0.01127    0.009673      0.02094
  387       749.9     0.01132    0.009848      0.02117
  388       767.4     0.01138     0.01002       0.0214
  389       785.2     0.01144     0.01019      0.02163
  390       803.5      0.0115     0.01035      0.02185
  391       822.2     0.01118     0.01051      0.02169
  392       841.4     0.01085     0.01066      0.02151
  393         861     0.01052     0.01081      0.02133
  394         881     0.01017     0.01095      0.02112
  395       901.6    0.009875     0.01109      0.02096
  396       922.6    0.009763     0.01122      0.02098
  397       944.1    0.009648     0.01134      0.02099
  398       966.1    0.009531     0.01146      0.02099
  399       988.6    0.009412     0.01157      0.02098
  400        1012    0.009268     0.01168      0.02094
  401        1035    0.009118     0.01178      0.02089
  402        1059    0.008966     0.01187      0.02084
  403        1084     0.00881     0.01196      0.02077
  404        1109      0.0087     0.01204      0.02074
  405        1135    0.008592     0.01212      0.02071
  406        1161    0.008481     0.01219      0.02067
  407        1189    0.008364     0.01226      0.02062
  408        1216    0.008233     0.01232      0.02056
  409        1245      0.0081     0.01238      0.02048
  410        1274    0.007964     0.01244       0.0204
  411        1303    0.007825     0.01249      0.02031
  412        1334    0.007683     0.01254      0.02022
  413        1365    0.007538     0.01258      0.02012
  414        1396    0.007427     0.01262      0.02005
  415        1429    0.007326     0.01266      0.01999
  416        1462    0.007222      0.0127      0.01992
  417        1496    0.007117     0.01273      0.01985
  418        1531    0.007009     0.01277      0.01978
  419        1567    0.006899      0.0128       0.0197
  420        1603    0.006786     0.01283      0.01961
  421        1641    0.006671     0.01285      0.01952
  422        1679    0.006553     0.01288      0.01943
  423        1718    0.006433     0.01291      0.01934
  424        1758     0.00631     0.01293      0.01924
  425        1799    0.006222     0.01295      0.01918
  426        1841    0.006137     0.01298      0.01911
  427        1884    0.006049       0.013      0.01905
  428        1928    0.005959     0.01302      0.01898
  429        1972    0.005868     0.01304      0.01891
  430        2018    0.005774     0.01306      0.01884
  431        2065    0.005678     0.01308      0.01876
  432        2113     0.00558      0.0131      0.01868
  433        2163    0.005485     0.01312      0.01861
  434        2213    0.005408     0.01314      0.01855
  435        2265    0.005329     0.01316      0.01849
  436        2317    0.005249     0.01318      0.01843
  437        2371    0.005178      0.0132      0.01838
  438        2427    0.005122     0.01322      0.01834
  439        2483    0.005064     0.01324      0.01831
  440        2541    0.005006     0.01326      0.01827
  441        2600    0.004946     0.01328      0.01823
  442        2661    0.004884      0.0133      0.01819
  443        2723    0.004822     0.01332      0.01814
  444        2786    0.004758     0.01334       0.0181
  445        2851    0.004692     0.01336      0.01806
  446        2917    0.004625     0.01338      0.01801
  447        2985    0.004556      0.0134      0.01796
  448        3055    0.004486     0.01343      0.01791
  449        3126    0.004414     0.01345      0.01786
  450        3199    0.004341     0.01347      0.01781
  451        3273    0.004265     0.01349      0.01775
  452        3350    0.004189     0.01351       0.0177
  453        3428     0.00411     0.01353      0.01764
  454        3508    0.004029     0.01355      0.01758
  455        3589    0.003974     0.01357      0.01755
  456        3673    0.003931      0.0136      0.01753
  457        3758    0.003888     0.01362      0.01751
  458        3846    0.003844     0.01364      0.01748
  459        3936    0.003799     0.01366      0.01746
  460        4027    0.003753     0.01368      0.01744
  461        4121    0.003706     0.01371      0.01741
  462        4217    0.003658     0.01373      0.01739
  463        4315    0.003608     0.01375      0.01736
  464        4416    0.003558     0.01377      0.01733
  465        4519    0.003506     0.01379       0.0173
  466        4624    0.003481     0.01382       0.0173
  467        4732     0.00346     0.01384       0.0173
  468        4842    0.003437     0.01386       0.0173
  469        4955    0.003415     0.01388       0.0173
  470        5070    0.003392     0.01391       0.0173
  471        5188    0.003368     0.01393       0.0173
  472        5309    0.003344     0.01395      0.01729
  473        5433    0.003319     0.01397      0.01729
  474        5559    0.003297     0.01399      0.01729
  475        5689    0.003284     0.01402       0.0173
  476        5821     0.00327     0.01404      0.01731
  477        5957    0.003257     0.01406      0.01732
  478        6095    0.003243     0.01408      0.01733
  479        6237    0.003229      0.0141      0.01733
  480        6383    0.003214     0.01413      0.01734
  481        6531    0.003199     0.01415      0.01735
  482        6683    0.003184     0.01417      0.01735
  483        6839    0.003168     0.01419      0.01736
  484        6998    0.003152     0.01421      0.01737
  485        7161    0.003136     0.01424      0.01737
  486        7328    0.003119     0.01426      0.01738
  487        7499    0.003102     0.01428      0.01738
  488        7674      0.0031      0.0143       0.0174
  489        7852      0.0031     0.01432      0.01742
  490        8035      0.0031     0.01434      0.01744
  491        8222      0.0031     0.01436      0.01746
  492        8414      0.0031     0.01438      0.01748
  493        8610      0.0031     0.01441      0.01751
  494        8810      0.0031     0.01443      0.01753
  495        9016      0.0031     0.01445      0.01755
  496        9226      0.0031     0.01447      0.01757
  497        9441      0.0031     0.01449      0.01759
  498        9661    0.003099     0.01451      0.01761
  499        9886    0.003096     0.01453      0.01763
  500   1.012e+04    0.003094     0.01455      0.01764
  501   1.035e+04    0.003092     0.01457      0.01766
  502   1.059e+04    0.003089     0.01459      0.01768
  503   1.084e+04    0.003087     0.01461       0.0177
  504   1.109e+04    0.003084     0.01463      0.01772
  505   1.135e+04    0.003082     0.01465      0.01773
  506   1.161e+04    0.003079     0.01467      0.01775
  507   1.189e+04    0.003076     0.01469      0.01777
  508   1.216e+04    0.003074     0.01471      0.01778
  509   1.245e+04    0.003071     0.01473       0.0178
  510   1.274e+04    0.003068     0.01475      0.01782
  511   1.303e+04    0.003065     0.01477      0.01783
  512   1.334e+04    0.003062     0.01479      0.01785
  513   1.365e+04    0.003059     0.01481      0.01787
  514   1.396e+04    0.003056     0.01483      0.01788
  515   1.429e+04    0.003052     0.01485       0.0179
  516   1.462e+04    0.003049     0.01487      0.01792
  517   1.496e+04    0.003046     0.01489      0.01793
  518   1.531e+04    0.003042     0.01491      0.01795
  519   1.567e+04    0.003038     0.01492      0.01796
  520   1.603e+04    0.003035     0.01494      0.01798
  521   1.641e+04    0.003031     0.01496      0.01799
  522   1.679e+04    0.003027     0.01498      0.01801
  523   1.718e+04    0.003023       0.015      0.01802
  524   1.758e+04    0.003019     0.01502      0.01804
  525   1.799e+04    0.003015     0.01504      0.01805
  526   1.841e+04    0.003011     0.01506      0.01807
  527   1.884e+04    0.003007     0.01508      0.01808
  528   1.928e+04    0.003002     0.01509       0.0181
  529   1.972e+04    0.002999     0.01511      0.01811
  530   2.018e+04    0.002996     0.01513      0.01813
  531   2.065e+04    0.002993     0.01515      0.01814
  532   2.113e+04     0.00299     0.01517      0.01816
  533   2.163e+04    0.002987     0.01519      0.01818
  534   2.213e+04    0.002984     0.01521      0.01819
  535   2.265e+04     0.00298     0.01523      0.01821
  536   2.317e+04    0.002977     0.01524      0.01822
  537   2.371e+04    0.002974     0.01526      0.01824
  538   2.427e+04     0.00297     0.01528      0.01825
  539   2.483e+04    0.002967      0.0153      0.01827
  540   2.541e+04    0.002963     0.01532      0.01828
  541     2.6e+04    0.002959     0.01534       0.0183
  542   2.661e+04    0.002956     0.01536      0.01831
  543   2.723e+04    0.002952     0.01538      0.01833
  544   2.786e+04    0.002948     0.01539      0.01834
  545   2.851e+04    0.002944     0.01541      0.01836
  546   2.917e+04     0.00294     0.01543      0.01837
  547   2.985e+04    0.002935     0.01545      0.01839
  548   3.055e+04    0.002931     0.01547       0.0184
  549   3.126e+04    0.002927     0.01549      0.01841
  550   3.199e+04    0.002922     0.01551      0.01843
  551   3.273e+04    0.002917     0.01553      0.01844
  552    3.35e+04    0.002913     0.01554      0.01846
  553   3.428e+04    0.002908     0.01556      0.01847
  554   3.508e+04    0.002903     0.01558      0.01849
  555   3.589e+04    0.002898      0.0156       0.0185
  556   3.673e+04    0.002892     0.01562      0.01851
  557   3.758e+04    0.002887     0.01564      0.01853
  558   3.846e+04    0.002882     0.01566      0.01854
  559   3.936e+04    0.002876     0.01568      0.01855
  560   4.027e+04     0.00287      0.0157      0.01857
  561   4.121e+04    0.002864     0.01572      0.01858
  562   4.217e+04    0.002858     0.01574      0.01859
  563   4.315e+04    0.002852     0.01576      0.01861
  564   4.416e+04    0.002846     0.01578      0.01862
  565   4.519e+04     0.00284      0.0158      0.01863
  566   4.624e+04    0.002833     0.01581      0.01865
  567   4.732e+04    0.002826     0.01583      0.01866
  568   4.842e+04    0.002819     0.01585      0.01867
  569   4.955e+04    0.002812     0.01587      0.01869
  570    5.07e+04    0.002805     0.01589       0.0187
  571   5.188e+04    0.002798     0.01591      0.01871
  572   5.309e+04     0.00279     0.01593      0.01872
  573   5.433e+04    0.002782     0.01595      0.01874
  574   5.559e+04    0.002774     0.01597      0.01875
  575   5.689e+04    0.002766       0.016      0.01876
  576   5.821e+04    0.002758     0.01602      0.01877
  577   5.957e+04     0.00275     0.01604      0.01879
  578   6.095e+04    0.002741     0.01606       0.0188
  579   6.237e+04    0.002732     0.01608      0.01881
  580   6.383e+04    0.002723      0.0161      0.01882
  581   6.531e+04    0.002714     0.01612      0.01883
  582   6.683e+04    0.002704     0.01614      0.01884
  583   6.839e+04    0.002694     0.01616      0.01886
  584   6.998e+04    0.002685     0.01618      0.01887
  585   7.161e+04    0.002674      0.0162      0.01888
  586   7.328e+04    0.002664     0.01623      0.01889
  587   7.499e+04    0.002653     0.01625       0.0189
  588   7.674e+04    0.002642     0.01627      0.01891
  589   7.852e+04    0.002631     0.01629      0.01892
  590   8.035e+04     0.00262     0.01631      0.01893
  591   8.222e+04    0.002608     0.01633      0.01894
  592   8.414e+04    0.002596     0.01636      0.01895
  593    8.61e+04    0.002584     0.01638      0.01896
  594    8.81e+04    0.002571      0.0164      0.01897
  595   9.016e+04    0.002558     0.01642      0.01898
  596   9.226e+04    0.002545     0.01645      0.01899
  597   9.441e+04    0.002532     0.01647        0.019
  598   9.661e+04    0.002518     0.01649      0.01901
  599   9.886e+04    0.002504     0.01652      0.01902
  600   1.012e+05    0.002505     0.01654      0.01904
  601   1.035e+05    0.002513     0.01656      0.01908
  602   1.059e+05     0.00252     0.01659      0.01911
  603   1.084e+05    0.002528     0.01661      0.01914
  604   1.109e+05    0.002536     0.01663      0.01917
  605   1.135e+05    0.002543     0.01666       0.0192
  606   1.161e+05    0.002551     0.01668      0.01923
  607   1.189e+05    0.002559     0.01671      0.01926
  608   1.216e+05    0.002567     0.01673       0.0193
  609   1.245e+05    0.002575     0.01675      0.01933
  610   1.274e+05    0.002583     0.01678      0.01936
  611   1.303e+05    0.002591      0.0168      0.01939
  612   1.334e+05    0.002599     0.01683      0.01943
  613   1.365e+05    0.002607     0.01685      0.01946
  614   1.396e+05    0.002615     0.01688      0.01949
  615   1.429e+05    0.002623      0.0169      0.01953
  616   1.462e+05    0.002631     0.01693      0.01956
  617   1.496e+05    0.002639     0.01696      0.01959
  618   1.531e+05    0.002648     0.01698      0.01963
  619   1.567e+05    0.002656     0.01701      0.01966
  620   1.603e+05    0.002664     0.01703       0.0197
  621   1.641e+05    0.002673     0.01706      0.01973
  622   1.679e+05    0.002682     0.01709      0.01977
  623   1.718e+05     0.00269     0.01711       0.0198
  624   1.758e+05    0.002699     0.01714      0.01984
  625   1.799e+05    0.002708     0.01717      0.01987
  626   1.841e+05    0.002716     0.01719      0.01991
  627   1.884e+05    0.002725     0.01722      0.01995
  628   1.928e+05    0.002734     0.01725      0.01998
  629   1.972e+05    0.002743     0.01728      0.02002
  630   2.018e+05    0.002752      0.0173      0.02006
  631   2.065e+05    0.002762     0.01733      0.02009
  632   2.113e+05    0.002771     0.01736      0.02013
  633   2.163e+05     0.00278     0.01739      0.02017
  634   2.213e+05     0.00279     0.01742      0.02021
  635   2.265e+05    0.002799     0.01745      0.02025
  636   2.317e+05    0.002809     0.01747      0.02028
  637   2.371e+05    0.002819      0.0175      0.02032
  638   2.427e+05    0.002828     0.01753      0.02036
  639   2.483e+05    0.002838     0.01756       0.0204
  640   2.541e+05    0.002848     0.01759      0.02044
  641     2.6e+05    0.002858     0.01762      0.02048
  642   2.661e+05    0.002869     0.01765      0.02052
  643   2.723e+05    0.002879     0.01768      0.02056
  644   2.786e+05    0.002889     0.01771       0.0206
  645   2.851e+05      0.0029     0.01774      0.02064
  646   2.917e+05     0.00291     0.01777      0.02068
  647   2.985e+05    0.002921      0.0178      0.02073
  648   3.055e+05    0.002932     0.01784      0.02077
  649   3.126e+05    0.002943     0.01787      0.02081
  650   3.199e+05    0.002954      0.0179      0.02085
  651   3.273e+05    0.002965     0.01793       0.0209
  652    3.35e+05    0.002977     0.01796      0.02094
  653   3.428e+05    0.002988     0.01799      0.02098
  654   3.508e+05       0.003     0.01803      0.02103
  655   3.589e+05    0.003011     0.01806      0.02107
  656   3.673e+05    0.003023     0.01809      0.02112
  657   3.758e+05    0.003035     0.01812      0.02116
  658   3.846e+05    0.003048     0.01816      0.02121
  659   3.936e+05     0.00306     0.01819      0.02125
  660   4.027e+05    0.003072     0.01822       0.0213
  661   4.121e+05    0.003085     0.01826      0.02134
  662   4.217e+05    0.003098     0.01829      0.02139
  663   4.315e+05    0.003111     0.01833      0.02144
  664   4.416e+05    0.003124     0.01836      0.02148
  665   4.519e+05    0.003137     0.01839      0.02153
  666   4.624e+05    0.003151     0.01843      0.02158
  667   4.732e+05    0.003165     0.01846      0.02163
  668   4.842e+05    0.003179      0.0185      0.02168
  669   4.955e+05    0.003193     0.01853      0.02173
  670    5.07e+05    0.003207     0.01857      0.02178
  671   5.188e+05    0.003222     0.01861      0.02183
  672   5.309e+05    0.003236     0.01864      0.02188
  673   5.433e+05    0.003251     0.01868      0.02193
  674   5.559e+05    0.003267     0.01871      0.02198
  675   5.689e+05    0.003282     0.01875      0.02203
  676   5.821e+05    0.003298     0.01879      0.02209
  677   5.957e+05    0.003314     0.01882      0.02214
  678   6.095e+05     0.00333     0.01886      0.02219
  679   6.237e+05    0.003346      0.0189      0.02225
  680   6.383e+05    0.003363     0.01894       0.0223
  681   6.531e+05     0.00338     0.01897      0.02235
  682   6.683e+05    0.003397     0.01901      0.02241
  683   6.839e+05    0.003415     0.01905      0.02247
  684   6.998e+05    0.003432     0.01909      0.02252
  685   7.161e+05     0.00345     0.01913      0.02258
  686   7.328e+05    0.003469     0.01917      0.02264
  687   7.499e+05    0.003487     0.01921      0.02269
  688   7.674e+05    0.003506     0.01925      0.02275
  689   7.852e+05    0.003526     0.01928      0.02281
  690   8.035e+05    0.003545     0.01932      0.02287
  691   8.222e+05    0.003565     0.01936      0.02293
  692   8.414e+05    0.003586      0.0194      0.02299
  693    8.61e+05    0.003606     0.01945      0.02305
  694    8.81e+05    0.003628     0.01949      0.02311
  695   9.016e+05    0.003649     0.01953      0.02318
  696   9.226e+05    0.003671     0.01957      0.02324
  697   9.441e+05    0.003693     0.01961       0.0233
  698   9.661e+05    0.003716     0.01965      0.02337
  699   9.886e+05    0.003739     0.01969      0.02343
  700   1.012e+06    0.003762     0.01983      0.02359
  701   1.035e+06    0.003786     0.01987      0.02365
  702   1.059e+06    0.003811      0.0199      0.02372
  703   1.084e+06    0.003835     0.01994      0.02378
  704   1.109e+06    0.003861     0.01998      0.02384
  705   1.135e+06    0.003887     0.02002      0.02391
  706   1.161e+06    0.003913     0.02006      0.02398
  707   1.189e+06     0.00394      0.0201      0.02404
  708   1.216e+06    0.003967     0.02014      0.02411
  709   1.245e+06    0.003995     0.02018      0.02418
  710   1.274e+06    0.004023     0.02022      0.02425
  711   1.303e+06    0.004052     0.02027      0.02432
  712   1.334e+06    0.004082     0.02031      0.02439
  713   1.365e+06    0.004112     0.02035      0.02446
  714   1.396e+06    0.004142     0.02039      0.02453
  715   1.429e+06    0.004174     0.02043      0.02461
  716   1.462e+06    0.004206     0.02048      0.02468
  717   1.496e+06    0.004238     0.02052      0.02476
  718   1.531e+06    0.004272     0.02056      0.02483
  719   1.567e+06    0.004306      0.0206      0.02491
  720   1.603e+06     0.00434     0.02065      0.02499
  721   1.641e+06    0.004376     0.02069      0.02507
  722   1.679e+06    0.004412     0.02074      0.02515
  723   1.718e+06    0.004449     0.02078      0.02523
  724   1.758e+06    0.004486     0.02082      0.02531
  725   1.799e+06    0.004525     0.02087      0.02539
  726   1.841e+06    0.004564     0.02091      0.02548
  727   1.884e+06    0.004604     0.02096      0.02556
  728   1.928e+06    0.004645     0.02101      0.02565
  729   1.972e+06    0.004687     0.02105      0.02574
  730   2.018e+06     0.00473      0.0211      0.02583
  731   2.065e+06    0.004773     0.02114      0.02592
  732   2.113e+06    0.004818     0.02119      0.02601
  733   2.163e+06    0.004863     0.02124       0.0261
  734   2.213e+06     0.00491     0.02128      0.02619
  735   2.265e+06    0.004957     0.02133      0.02629
  736   2.317e+06    0.005006     0.02138      0.02639
  737   2.371e+06    0.005055     0.02143      0.02648
  738   2.427e+06    0.005106     0.02148      0.02658
  739   2.483e+06    0.005158     0.02152      0.02668
  740   2.541e+06    0.005211     0.02157      0.02678
  741     2.6e+06    0.005265     0.02162      0.02689
  742   2.661e+06    0.005321     0.02167      0.02699
  743   2.723e+06    0.005377     0.02172       0.0271
  744   2.786e+06    0.005435     0.02177       0.0272
  745   2.851e+06    0.005494     0.02182      0.02731
  746   2.917e+06    0.005555     0.02187      0.02742
  747   2.985e+06    0.005616     0.02192      0.02754
  748   3.055e+06     0.00568     0.02197      0.02765
  749   3.126e+06    0.005744     0.02202      0.02777
  750   3.199e+06     0.00581     0.02207      0.02788
  751   3.273e+06    0.005878     0.02213        0.028
  752    3.35e+06    0.005947     0.02218      0.02812
  753   3.428e+06    0.006018     0.02223      0.02825
  754   3.508e+06     0.00609     0.02228      0.02837
  755   3.589e+06    0.006164     0.02233       0.0285
  756   3.673e+06     0.00624     0.02239      0.02863
  757   3.758e+06    0.006318     0.02244      0.02876
  758   3.846e+06    0.006397     0.02249      0.02889
  759   3.936e+06    0.006478     0.02255      0.02902
  760   4.027e+06    0.006561      0.0226      0.02916
  761   4.121e+06    0.006646     0.02266       0.0293
  762   4.217e+06    0.006732     0.02271      0.02944
  763   4.315e+06    0.006821     0.02276      0.02959
  764   4.416e+06    0.006912     0.02282      0.02973
  765   4.519e+06    0.007005     0.02287      0.02988
  766   4.624e+06      0.0071     0.02293      0.03003
  767   4.732e+06    0.007198     0.02299      0.03018
  768   4.842e+06    0.007298     0.02304      0.03034
  769   4.955e+06      0.0074      0.0231       0.0305
  770    5.07e+06    0.007504     0.02315      0.03066
  771   5.188e+06    0.007611     0.02321      0.03082
  772   5.309e+06     0.00772     0.02327      0.03099
  773   5.433e+06    0.007832     0.02332      0.03116
  774   5.559e+06    0.007947     0.02338      0.03133
  775   5.689e+06    0.008064     0.02344       0.0315
  776   5.821e+06    0.008184      0.0235      0.03168
  777   5.957e+06    0.008307     0.02356      0.03186
  778   6.095e+06    0.008433     0.02361      0.03205
  779   6.237e+06    0.008562     0.02367      0.03224
  780   6.383e+06    0.008694     0.02373      0.03243
  781   6.531e+06    0.008829     0.02379      0.03262
  782   6.683e+06    0.008967     0.02385      0.03282
  783   6.839e+06    0.009109     0.02391      0.03302
  784   6.998e+06    0.009254     0.02397      0.03323
  785   7.161e+06    0.009402     0.02403      0.03343
  786   7.328e+06    0.009554     0.02409      0.03365
  787   7.499e+06     0.00971     0.02415      0.03386
  788   7.674e+06    0.009869     0.02421      0.03408
  789   7.852e+06     0.01003     0.02428      0.03431
  790   8.035e+06      0.0102     0.02434      0.03454
  791   8.222e+06     0.01037      0.0244      0.03477
  792   8.414e+06     0.01055     0.02446      0.03501
  793    8.61e+06     0.01072     0.02452      0.03525
  794    8.81e+06     0.01091     0.02459       0.0355
  795   9.016e+06      0.0111     0.02465      0.03575
  796   9.226e+06     0.01129     0.02471        0.036
  797   9.441e+06     0.01149     0.02478      0.03626
  798   9.661e+06     0.01169     0.02484      0.03653
  799   9.886e+06      0.0119      0.0249       0.0368
-------------------------------------------------------------
