-------------------------------G4_H
-------------------------------neutron
### Fill Cross Sections for neutron off H
-------------------------------------------------------------
    N     E(MeV)   Elastic(b)   Inelastic(b)   Total(b)
-------------------------------------------------------------
    0      0.1012       12.68           0        12.68
    1      0.1035       12.59           0        12.59
    2      0.1059        12.5           0         12.5
    3      0.1084       12.41           0        12.41
    4      0.1109       12.31           0        12.31
    5      0.1135       12.21           0        12.21
    6      0.1161       12.11           0        12.11
    7      0.1189       12.01           0        12.01
    8      0.1216       11.91           0        11.91
    9      0.1245        11.8           0         11.8
   10      0.1274        11.7           0         11.7
   11      0.1303        11.6           0         11.6
   12      0.1334        11.5           0         11.5
   13      0.1365       11.39           0        11.39
   14      0.1396       11.29           0        11.29
   15      0.1429       11.18           0        11.18
   16      0.1462       11.06           0        11.06
   17      0.1496       10.95           0        10.95
   18      0.1531       10.83           0        10.83
   19      0.1567       10.72           0        10.72
   20      0.1603       10.63           0        10.63
   21      0.1641       10.53           0        10.53
   22      0.1679       10.43           0        10.43
   23      0.1718       10.33           0        10.33
   24      0.1758       10.23           0        10.23
   25      0.1799       10.13           0        10.13
   26      0.1841       10.02           0        10.02
   27      0.1884       9.907           0        9.907
   28      0.1928       9.805           0        9.805
   29      0.1972        9.72           0         9.72
   30      0.2018       9.634           0        9.634
   31      0.2065       9.545           0        9.545
   32      0.2113       9.454           0        9.454
   33      0.2163       9.362           0        9.362
   34      0.2213       9.267           0        9.267
   35      0.2265        9.17           0         9.17
   36      0.2317        9.07           0         9.07
   37      0.2371       8.971           0        8.971
   38      0.2427        8.88           0         8.88
   39      0.2483       8.787           0        8.787
   40      0.2541       8.691           0        8.691
   41        0.26       8.593           0        8.593
   42      0.2661       8.493           0        8.493
   43      0.2723       8.391           0        8.391
   44      0.2786       8.286           0        8.286
   45      0.2851       8.179           0        8.179
   46      0.2917       8.072           0        8.072
   47      0.2985       7.991           0        7.991
   48      0.3055       7.909           0        7.909
   49      0.3126       7.825           0        7.825
   50      0.3199       7.738           0        7.738
   51      0.3273        7.65           0         7.65
   52       0.335        7.56           0         7.56
   53      0.3428       7.467           0        7.467
   54      0.3508       7.373           0        7.373
   55      0.3589       7.276           0        7.276
   56      0.3673         7.2           0          7.2
   57      0.3758       7.122           0        7.122
   58      0.3846       7.044           0        7.044
   59      0.3936       6.963           0        6.963
   60      0.4027        6.88           0         6.88
   61      0.4121       6.796           0        6.796
   62      0.4217       6.709           0        6.709
   63      0.4315        6.62           0         6.62
   64      0.4416        6.53           0         6.53
   65      0.4519       6.458           0        6.458
   66      0.4624       6.388           0        6.388
   67      0.4732       6.317           0        6.317
   68      0.4842       6.245           0        6.245
   69      0.4955        6.17           0         6.17
   70       0.507       6.094           0        6.094
   71      0.5188       6.016           0        6.016
   72      0.5309       5.936           0        5.936
   73      0.5433       5.855           0        5.855
   74      0.5559       5.787           0        5.787
   75      0.5689       5.725           0        5.725
   76      0.5821       5.662           0        5.662
   77      0.5957       5.597           0        5.597
   78      0.6095        5.53           0         5.53
   79      0.6237       5.462           0        5.462
   80      0.6383       5.393           0        5.393
   81      0.6531       5.321           0        5.321
   82      0.6683       5.249           0        5.249
   83      0.6839       5.186           0        5.186
   84      0.6998        5.13           0         5.13
   85      0.7161       5.073           0        5.073
   86      0.7328       5.014           0        5.014
   87      0.7499       4.955           0        4.955
   88      0.7674       4.893           0        4.893
   89      0.7852       4.831           0        4.831
   90      0.8035       4.767           0        4.767
   91      0.8222       4.701           0        4.701
   92      0.8414       4.643           0        4.643
   93       0.861       4.594           0        4.594
   94       0.881       4.543           0        4.543
   95      0.9016       4.491           0        4.491
   96      0.9226       4.439           0        4.439
   97      0.9441       4.384           0        4.384
   98      0.9661       4.329           0        4.329
   99      0.9886       4.272           0        4.272
  100       1.012       4.214           0        4.214
  101       1.035        4.16           0         4.16
  102       1.059       4.115           0        4.115
  103       1.084       4.069           0        4.069
  104       1.109       4.022           0        4.022
  105       1.135       3.974           0        3.974
  106       1.161       3.925           0        3.925
  107       1.189       3.874           0        3.874
  108       1.216       3.823           0        3.823
  109       1.245        3.77           0         3.77
  110       1.274       3.719           0        3.719
  111       1.303       3.678           0        3.678
  112       1.334       3.637           0        3.637
  113       1.365       3.594           0        3.594
  114       1.396       3.551           0        3.551
  115       1.429       3.506           0        3.506
  116       1.462       3.461           0        3.461
  117       1.496       3.414           0        3.414
  118       1.531       3.366           0        3.366
  119       1.567       3.319           0        3.319
  120       1.603       3.282           0        3.282
  121       1.641       3.244           0        3.244
  122       1.679       3.205           0        3.205
  123       1.718       3.166           0        3.166
  124       1.758       3.125           0        3.125
  125       1.799       3.084           0        3.084
  126       1.841       3.041           0        3.041
  127       1.884       2.998           0        2.998
  128       1.928       2.953           0        2.953
  129       1.972       2.919           0        2.919
  130       2.018       2.885           0        2.885
  131       2.065       2.849           0        2.849
  132       2.113       2.813           0        2.813
  133       2.163       2.776           0        2.776
  134       2.213       2.738           0        2.738
  135       2.265         2.7           0          2.7
  136       2.317        2.66           0         2.66
  137       2.371       2.619           0        2.619
  138       2.427       2.587           0        2.587
  139       2.483       2.555           0        2.555
  140       2.541       2.523           0        2.523
  141         2.6       2.489           0        2.489
  142       2.661       2.455           0        2.455
  143       2.723       2.421           0        2.421
  144       2.786       2.385           0        2.385
  145       2.851       2.349           0        2.349
  146       2.917       2.311           0        2.311
  147       2.985        2.28           0         2.28
  148       3.055       2.251           0        2.251
  149       3.126       2.221           0        2.221
  150       3.199        2.19           0         2.19
  151       3.273       2.159           0        2.159
  152        3.35       2.127           0        2.127
  153       3.428       2.094           0        2.094
  154       3.508       2.061           0        2.061
  155       3.589       2.026           0        2.026
  156       3.673       1.996           0        1.996
  157       3.758        1.97           0         1.97
  158       3.846       1.942           0        1.942
  159       3.936       1.914           0        1.914
  160       4.027       1.885           0        1.885
  161       4.121       1.856           0        1.856
  162       4.217       1.825           0        1.825
  163       4.315       1.795           0        1.795
  164       4.416       1.763           0        1.763
  165       4.519       1.734           0        1.734
  166       4.624        1.71           0         1.71
  167       4.732       1.685           0        1.685
  168       4.842       1.659           0        1.659
  169       4.955       1.633           0        1.633
  170        5.07       1.606           0        1.606
  171       5.188       1.579           0        1.579
  172       5.309        1.55           0         1.55
  173       5.433       1.522           0        1.522
  174       5.559       1.495           0        1.495
  175       5.689       1.472           0        1.472
  176       5.821       1.449           0        1.449
  177       5.957       1.426           0        1.426
  178       6.095       1.402           0        1.402
  179       6.237       1.377           0        1.377
  180       6.383       1.352           0        1.352
  181       6.531       1.326           0        1.326
  182       6.683         1.3           0          1.3
  183       6.839       1.275           0        1.275
  184       6.998       1.255           0        1.255
  185       7.161       1.234           0        1.234
  186       7.328       1.213           0        1.213
  187       7.499       1.191           0        1.191
  188       7.674       1.169           0        1.169
  189       7.852       1.147           0        1.147
  190       8.035       1.124           0        1.124
  191       8.222         1.1           0          1.1
  192       8.414       1.077           0        1.077
  193        8.61       1.061           0        1.061
  194        8.81       1.044           0        1.044
  195       9.016       1.028           0        1.028
  196       9.226       1.011           0        1.011
  197       9.441      0.9933           0       0.9933
  198       9.661      0.9754           0       0.9754
  199       9.886      0.9571           0       0.9571
  200       10.12      0.9384           0       0.9384
  201       10.35      0.9193           0       0.9193
  202       10.59      0.9081           0       0.9081
  203       10.84      0.8971           0       0.8971
  204       11.09      0.8859           0       0.8859
  205       11.35      0.8744           0       0.8744
  206       11.61      0.8626           0       0.8626
  207       11.89      0.8506           0       0.8506
  208       12.16      0.8383           0       0.8383
  209       12.45      0.8257           0       0.8257
  210       12.74      0.8128           0       0.8128
  211       13.03      0.7997           0       0.7997
  212       13.34      0.7862           0       0.7862
  213       13.65      0.7724           0       0.7724
  214       13.96      0.7582           0       0.7582
  215       14.29      0.7438           0       0.7438
  216       14.62       0.729           0        0.729
  217       14.96      0.7139           0       0.7139
  218       15.31      0.6984           0       0.6984
  219       15.67      0.6825           0       0.6825
  220       16.03      0.6663           0       0.6663
  221       16.41      0.6497           0       0.6497
  222       16.79      0.6327           0       0.6327
  223       17.18      0.6153           0       0.6153
  224       17.58      0.5976           0       0.5976
  225       17.99      0.5794           0       0.5794
  226       18.41      0.5607           0       0.5607
  227       18.84      0.5417           0       0.5417
  228       19.28      0.5222           0       0.5222
  229       19.72      0.5076           0       0.5076
  230       20.18      0.4968           0       0.4968
  231       20.65      0.4857           0       0.4857
  232       21.13      0.4744           0       0.4744
  233       21.63      0.4628           0       0.4628
  234       22.13       0.451           0        0.451
  235       22.65      0.4388           0       0.4388
  236       23.17      0.4264           0       0.4264
  237       23.71      0.4137           0       0.4137
  238       24.27      0.4026           0       0.4026
  239       24.83      0.3937           0       0.3937
  240       25.41      0.3846           0       0.3846
  241          26      0.3752           0       0.3752
  242       26.61      0.3656           0       0.3656
  243       27.23      0.3558           0       0.3558
  244       27.86      0.3458           0       0.3458
  245       28.51      0.3355           0       0.3355
  246       29.17      0.3251           0       0.3251
  247       29.85      0.3155           0       0.3155
  248       30.55      0.3085           0       0.3085
  249       31.26      0.3012           0       0.3012
  250       31.99      0.2938           0       0.2938
  251       32.73      0.2863           0       0.2863
  252        33.5      0.2785           0       0.2785
  253       34.28      0.2706           0       0.2706
  254       35.08      0.2625           0       0.2625
  255       35.89      0.2542           0       0.2542
  256       36.73      0.2463           0       0.2463
  257       37.58      0.2409           0       0.2409
  258       38.46      0.2354           0       0.2354
  259       39.36      0.2297           0       0.2297
  260       40.27      0.2239           0       0.2239
  261       41.21       0.218           0        0.218
  262       42.17      0.2119           0       0.2119
  263       43.15      0.2057           0       0.2057
  264       44.16      0.1994           0       0.1994
  265       45.19       0.193           0        0.193
  266       46.24      0.1886           0       0.1886
  267       47.32      0.1841           0       0.1841
  268       48.42      0.1796           0       0.1796
  269       49.55      0.1749           0       0.1749
  270        50.7      0.1701           0       0.1701
  271       51.88      0.1652           0       0.1652
  272       53.09      0.1602           0       0.1602
  273       54.33       0.155           0        0.155
  274       55.59      0.1498           0       0.1498
  275       56.89      0.1464           0       0.1464
  276       58.21       0.143           0        0.143
  277       59.57      0.1395           0       0.1395
  278       60.95       0.136           0        0.136
  279       62.37      0.1324           0       0.1324
  280       63.83      0.1287           0       0.1287
  281       65.31      0.1249           0       0.1249
  282       66.83       0.121           0        0.121
  283       68.39       0.117           0        0.117
  284       69.98      0.1142           0       0.1142
  285       71.61      0.1117           0       0.1117
  286       73.28      0.1091           0       0.1091
  287       74.99      0.1065           0       0.1065
  288       76.74      0.1037           0       0.1037
  289       78.52       0.101           0        0.101
  290       80.35     0.09812           0      0.09812
  291       82.22     0.09522           0      0.09522
  292       84.14     0.09224           0      0.09224
  293        86.1     0.09004           0      0.09004
  294        88.1     0.08819           0      0.08819
  295       90.16     0.08629           0      0.08629
  296       92.26     0.08436           0      0.08436
  297       94.41     0.08237           0      0.08237
  298       96.61     0.08034           0      0.08034
  299       98.86     0.07827           0      0.07827
  300       101.2     0.07614           0      0.07614
  301       103.5     0.07396           0      0.07396
  302       105.9     0.07226           0      0.07226
  303       108.4     0.07093           0      0.07093
  304       110.9     0.06957           0      0.06957
  305       113.5     0.06818           0      0.06818
  306       116.1     0.06676           0      0.06676
  307       118.9     0.06531           0      0.06531
  308       121.6     0.06382           0      0.06382
  309       124.5      0.0623           0       0.0623
  310       127.4     0.06074           0      0.06074
  311       130.3     0.05944           0      0.05944
  312       133.4      0.0585           0       0.0585
  313       136.5     0.05754           0      0.05754
  314       139.6     0.05656           0      0.05656
  315       142.9     0.05556           0      0.05556
  316       146.2     0.05453           0      0.05453
  317       149.6     0.05348           0      0.05348
  318       153.1     0.05241           0      0.05241
  319       156.7     0.05131           0      0.05131
  320       160.3     0.05033           0      0.05033
  321       164.1     0.04968           0      0.04968
  322       167.9     0.04901           0      0.04901
  323       171.8     0.04832           0      0.04832
  324       175.8     0.04762           0      0.04762
  325       179.9      0.0469           0       0.0469
  326       184.1     0.04616           0      0.04616
  327       188.4     0.04541           0      0.04541
  328       192.8     0.04464           0      0.04464
  329       197.2     0.04391           0      0.04391
  330       201.8     0.04345           0      0.04345
  331       206.5     0.04297           0      0.04297
  332       211.3     0.04249           0      0.04249
  333       216.3     0.04199           0      0.04199
  334       221.3     0.04148           0      0.04148
  335       226.5     0.04096           0      0.04096
  336       231.7     0.04043           0      0.04043
  337       237.1     0.03988           0      0.03988
  338       242.7     0.03934           0      0.03934
  339       248.3       0.039           0        0.039
  340       254.1     0.03866           0      0.03866
  341         260     0.03831           0      0.03831
  342       266.1     0.03795           0      0.03795
  343       272.3     0.03758           0      0.03758
  344       278.6     0.03721           0      0.03721
  345       285.1     0.03682    1.52e-05      0.03684
  346       291.7     0.03643   3.498e-05      0.03647
  347       298.5     0.03603   6.108e-05      0.03609
  348       305.5     0.03578   9.455e-05      0.03587
  349       312.6     0.03554   0.0001296      0.03567
  350       319.9     0.03529   0.0001697      0.03546
  351       327.3     0.03504   0.0002108      0.03525
  352         335     0.03478   0.0002585      0.03504
  353       342.8     0.03451   0.0003084      0.03482
  354       350.8     0.03424   0.0003643      0.03461
  355       358.9     0.03396   0.0004261      0.03439
  356       367.3     0.03368   0.0004919      0.03417
  357       375.8     0.03349   0.0005699      0.03406
  358       384.6     0.03332   0.0006498      0.03397
  359       393.6     0.03315   0.0007479       0.0339
  360       402.7     0.03298   0.0008505      0.03383
  361       412.1      0.0328   0.0009702      0.03377
  362       421.7     0.03262    0.001104      0.03372
  363       431.5     0.03243     0.00125      0.03368
  364       441.6     0.03224    0.001427      0.03367
  365       451.9     0.03204    0.001608      0.03365
  366       462.4     0.03189    0.001838      0.03373
  367       473.2     0.03176    0.002078      0.03383
  368       484.2     0.03162    0.002362      0.03398
  369       495.5     0.03148    0.002677      0.03415
  370         507     0.03134    0.003019      0.03435
  371       518.8     0.03119     0.00342      0.03461
  372       530.9     0.03104     0.00383      0.03487
  373       543.3     0.03089    0.004311       0.0352
  374       555.9     0.03073    0.004806      0.03553
  375       568.9     0.03054    0.005337      0.03587
  376       582.1     0.03031    0.005894      0.03621
  377       595.7     0.03008    0.006465      0.03655
  378       609.5     0.02985    0.007049       0.0369
  379       623.7     0.02961    0.007645      0.03725
  380       638.3     0.02936    0.008212      0.03757
  381       653.1     0.02911    0.008791       0.0379
  382       668.3     0.02885    0.009322      0.03817
  383       683.9     0.02859     0.00984      0.03843
  384       699.8     0.02832     0.01033      0.03865
  385       716.1     0.02806     0.01076      0.03883
  386       732.8      0.0278      0.0112        0.039
  387       749.9     0.02753     0.01156      0.03909
  388       767.4     0.02725     0.01193      0.03918
  389       785.2     0.02696     0.01225      0.03922
  390       803.5     0.02667     0.01257      0.03924
  391       822.2     0.02637     0.01288      0.03925
  392       841.4     0.02607     0.01318      0.03924
  393         861     0.02577     0.01348      0.03925
  394         881     0.02551     0.01377      0.03928
  395       901.6     0.02524     0.01406      0.03931
  396       922.6     0.02497     0.01436      0.03933
  397       944.1     0.02468     0.01466      0.03934
  398       966.1      0.0244     0.01496      0.03936
  399       988.6      0.0241     0.01526      0.03936
  400        1012      0.0238     0.01556      0.03936
  401        1035     0.02349     0.01584      0.03934
  402        1059     0.02321     0.01614      0.03935
  403        1084     0.02311      0.0164      0.03952
  404        1109     0.02301     0.01667      0.03968
  405        1135     0.02291     0.01691      0.03982
  406        1161      0.0228     0.01714      0.03994
  407        1189      0.0227     0.01735      0.04005
  408        1216     0.02259     0.01752      0.04011
  409        1245     0.02247      0.0177      0.04017
  410        1274     0.02236     0.01786      0.04022
  411        1303     0.02224     0.01803      0.04027
  412        1334     0.02223      0.0183      0.04052
  413        1365     0.02221     0.01863      0.04084
  414        1396      0.0222     0.01897      0.04117
  415        1429     0.02218     0.01929      0.04147
  416        1462     0.02217     0.01962      0.04179
  417        1496     0.02215     0.01993      0.04208
  418        1531     0.02213     0.02025      0.04238
  419        1567     0.02212     0.02056      0.04268
  420        1603      0.0221     0.02086      0.04296
  421        1641     0.02208     0.02117      0.04325
  422        1679     0.02207     0.02146      0.04352
  423        1718     0.02205     0.02175       0.0438
  424        1758     0.02203     0.02203      0.04406
  425        1799     0.02202     0.02231      0.04432
  426        1841       0.022     0.02258      0.04458
  427        1884     0.02198     0.02284      0.04482
  428        1928     0.02196      0.0231      0.04507
  429        1972     0.02194     0.02336       0.0453
  430        2018     0.02193     0.02361      0.04554
  431        2065     0.02191     0.02385      0.04576
  432        2113     0.02189     0.02409      0.04598
  433        2163     0.02188     0.02431      0.04619
  434        2213     0.02186     0.02454       0.0464
  435        2265     0.02184     0.02476       0.0466
  436        2317     0.02182     0.02497      0.04679
  437        2371      0.0218     0.02518      0.04699
  438        2427     0.02179     0.02538      0.04716
  439        2483     0.02177     0.02558      0.04734
  440        2541     0.02175     0.02576      0.04751
  441        2600     0.02173     0.02595      0.04768
  442        2661     0.02172     0.02613      0.04784
  443        2723      0.0217      0.0263        0.048
  444        2786     0.02168     0.02647      0.04815
  445        2851     0.02166     0.02663      0.04829
  446        2917     0.02164     0.02679      0.04843
  447        2985     0.02162     0.02694      0.04856
  448        3055      0.0216     0.02708      0.04869
  449        3126     0.02159     0.02723      0.04881
  450        3199     0.02157     0.02736      0.04893
  451        3273     0.02155      0.0275      0.04905
  452        3350     0.02153     0.02762      0.04915
  453        3428     0.02151     0.02775      0.04926
  454        3508      0.0215     0.02786      0.04936
  455        3589     0.02148     0.02798      0.04945
  456        3673     0.02146     0.02809      0.04954
  457        3758     0.02144     0.02819      0.04963
  458        3846     0.02142     0.02829      0.04972
  459        3936      0.0214     0.02839      0.04979
  460        4027     0.02139     0.02849      0.04987
  461        4121     0.02137     0.02857      0.04994
  462        4217     0.02135     0.02866      0.05001
  463        4315     0.02133     0.02874      0.05007
  464        4416     0.02131     0.02882      0.05013
  465        4519     0.02129     0.02889      0.05019
  466        4624     0.02127     0.02896      0.05024
  467        4732     0.02126     0.02903      0.05029
  468        4842     0.02124      0.0291      0.05034
  469        4955     0.02123     0.02916      0.05039
  470        5070     0.02121     0.02918      0.05038
  471        5188     0.02119     0.02917      0.05036
  472        5309     0.02117     0.02915      0.05033
  473        5433     0.02115     0.02914      0.05029
  474        5559     0.02114     0.02913      0.05026
  475        5689     0.02112     0.02911      0.05023
  476        5821      0.0211      0.0291       0.0502
  477        5957     0.02109     0.02909      0.05017
  478        6095     0.02107     0.02907      0.05014
  479        6237     0.02105     0.02906      0.05012
  480        6383     0.02104     0.02905      0.05009
  481        6531     0.02102     0.02903      0.05005
  482        6683       0.021     0.02902      0.05002
  483        6839     0.02099     0.02901      0.04999
  484        6998     0.02097     0.02899      0.04996
  485        7161     0.02095     0.02898      0.04993
  486        7328     0.02094     0.02896       0.0499
  487        7499     0.02093     0.02895      0.04988
  488        7674     0.02091     0.02894      0.04985
  489        7852      0.0209     0.02892      0.04982
  490        8035     0.02088     0.02891      0.04979
  491        8222     0.02086      0.0289      0.04976
  492        8414     0.02085     0.02888      0.04973
  493        8610     0.02083     0.02887       0.0497
  494        8810     0.02082     0.02886      0.04967
  495        9016     0.02081     0.02884      0.04965
  496        9226     0.02079     0.02883      0.04962
  497        9441     0.02078     0.02882      0.04959
  498        9661     0.02076      0.0288      0.04957
  499        9886     0.02075     0.02879      0.04954
  500   1.012e+04     0.02074     0.02878      0.04951
  501   1.035e+04     0.02072     0.02876      0.04949
  502   1.059e+04     0.02071     0.02875      0.04946
  503   1.084e+04     0.02069     0.02874      0.04943
  504   1.109e+04     0.02068     0.02873      0.04941
  505   1.135e+04     0.02067     0.02871      0.04939
  506   1.161e+04     0.02066      0.0287      0.04936
  507   1.189e+04     0.02065     0.02869      0.04934
  508   1.216e+04     0.02064     0.02868      0.04931
  509   1.245e+04     0.02062     0.02867      0.04929
  510   1.274e+04     0.02061     0.02865      0.04927
  511   1.303e+04      0.0206     0.02864      0.04924
  512   1.334e+04     0.02059     0.02863      0.04922
  513   1.365e+04     0.02058     0.02862       0.0492
  514   1.396e+04     0.02057     0.02861      0.04918
  515   1.429e+04     0.02056      0.0286      0.04916
  516   1.462e+04     0.02055     0.02859      0.04914
  517   1.496e+04     0.02054     0.02858      0.04912
  518   1.531e+04     0.02053     0.02857       0.0491
  519   1.567e+04     0.02052     0.02856      0.04908
  520   1.603e+04     0.02051     0.02855      0.04905
  521   1.641e+04      0.0205     0.02854      0.04904
  522   1.679e+04     0.02049     0.02853      0.04902
  523   1.718e+04     0.02048     0.02852        0.049
  524   1.758e+04     0.02047     0.02851      0.04899
  525   1.799e+04     0.02046      0.0285      0.04897
  526   1.841e+04     0.02046      0.0285      0.04895
  527   1.884e+04     0.02045     0.02849      0.04894
  528   1.928e+04     0.02044     0.02848      0.04892
  529   1.972e+04     0.02043     0.02847       0.0489
  530   2.018e+04     0.02042     0.02846      0.04889
  531   2.065e+04     0.02041     0.02846      0.04887
  532   2.113e+04     0.02041     0.02845      0.04885
  533   2.163e+04      0.0204     0.02844      0.04884
  534   2.213e+04      0.0204     0.02843      0.04882
  535   2.265e+04     0.02039     0.02842      0.04881
  536   2.317e+04     0.02038     0.02841      0.04879
  537   2.371e+04     0.02038      0.0284      0.04878
  538   2.427e+04     0.02037      0.0284      0.04877
  539   2.483e+04     0.02037     0.02839      0.04876
  540   2.541e+04     0.02036     0.02838      0.04874
  541     2.6e+04     0.02036     0.02838      0.04873
  542   2.661e+04     0.02035     0.02837      0.04872
  543   2.723e+04     0.02035     0.02836      0.04871
  544   2.786e+04     0.02034     0.02836       0.0487
  545   2.851e+04     0.02034     0.02835      0.04869
  546   2.917e+04     0.02034     0.02835      0.04868
  547   2.985e+04     0.02033     0.02834      0.04868
  548   3.055e+04     0.02033     0.02834      0.04867
  549   3.126e+04     0.02033     0.02833      0.04866
  550   3.199e+04     0.02033     0.02833      0.04866
  551   3.273e+04     0.02032     0.02833      0.04865
  552    3.35e+04     0.02032     0.02832      0.04865
  553   3.428e+04     0.02032     0.02832      0.04864
  554   3.508e+04     0.02032     0.02832      0.04864
  555   3.589e+04     0.02032     0.02832      0.04863
  556   3.673e+04     0.02032     0.02832      0.04863
  557   3.758e+04     0.02031     0.02831      0.04863
  558   3.846e+04     0.02031     0.02831      0.04863
  559   3.936e+04     0.02031     0.02831      0.04863
  560   4.027e+04     0.02031     0.02831      0.04863
  561   4.121e+04     0.02031     0.02831      0.04863
  562   4.217e+04     0.02031     0.02831      0.04863
  563   4.315e+04     0.02031     0.02831      0.04863
  564   4.416e+04     0.02031     0.02832      0.04863
  565   4.519e+04     0.02032     0.02832      0.04863
  566   4.624e+04     0.02032     0.02832      0.04863
  567   4.732e+04     0.02032     0.02832      0.04864
  568   4.842e+04     0.02032     0.02832      0.04864
  569   4.955e+04     0.02032     0.02833      0.04865
  570    5.07e+04     0.02032     0.02833      0.04865
  571   5.188e+04     0.02033     0.02833      0.04866
  572   5.309e+04     0.02033     0.02834      0.04866
  573   5.433e+04     0.02033     0.02834      0.04867
  574   5.559e+04     0.02033     0.02834      0.04868
  575   5.689e+04     0.02034     0.02835      0.04869
  576   5.821e+04     0.02034     0.02835      0.04869
  577   5.957e+04     0.02035     0.02836       0.0487
  578   6.095e+04     0.02035     0.02836      0.04871
  579   6.237e+04     0.02035     0.02837      0.04872
  580   6.383e+04     0.02036     0.02838      0.04873
  581   6.531e+04     0.02036     0.02838      0.04875
  582   6.683e+04     0.02037     0.02839      0.04876
  583   6.839e+04     0.02037      0.0284      0.04877
  584   6.998e+04     0.02038      0.0284      0.04878
  585   7.161e+04     0.02038     0.02841       0.0488
  586   7.328e+04     0.02039     0.02842      0.04881
  587   7.499e+04      0.0204     0.02843      0.04883
  588   7.674e+04      0.0204     0.02844      0.04884
  589   7.852e+04     0.02041     0.02845      0.04886
  590   8.035e+04     0.02042     0.02846      0.04887
  591   8.222e+04     0.02042     0.02847      0.04889
  592   8.414e+04     0.02043     0.02848      0.04891
  593    8.61e+04     0.02044     0.02849      0.04893
  594    8.81e+04     0.02045      0.0285      0.04894
  595   9.016e+04     0.02045     0.02851      0.04896
  596   9.226e+04     0.02046     0.02852      0.04898
  597   9.441e+04     0.02047     0.02853        0.049
  598   9.661e+04     0.02048     0.02854      0.04902
  599   9.886e+04     0.02049     0.02856      0.04904
  600   1.012e+05      0.0205     0.02857      0.04907
  601   1.035e+05     0.02051     0.02858      0.04909
  602   1.059e+05     0.02052      0.0286      0.04911
  603   1.084e+05     0.02053     0.02861      0.04914
  604   1.109e+05     0.02054     0.02862      0.04916
  605   1.135e+05     0.02055     0.02864      0.04918
  606   1.161e+05     0.02056     0.02865      0.04921
  607   1.189e+05     0.02057     0.02867      0.04923
  608   1.216e+05     0.02058     0.02868      0.04926
  609   1.245e+05     0.02059      0.0287      0.04929
  610   1.274e+05      0.0206     0.02871      0.04931
  611   1.303e+05     0.02061     0.02873      0.04934
  612   1.334e+05     0.02062     0.02875      0.04937
  613   1.365e+05     0.02064     0.02876       0.0494
  614   1.396e+05     0.02065     0.02878      0.04943
  615   1.429e+05     0.02066      0.0288      0.04946
  616   1.462e+05     0.02067     0.02882      0.04949
  617   1.496e+05     0.02069     0.02883      0.04952
  618   1.531e+05      0.0207     0.02885      0.04955
  619   1.567e+05     0.02071     0.02887      0.04958
  620   1.603e+05     0.02073     0.02889      0.04962
  621   1.641e+05     0.02074     0.02891      0.04965
  622   1.679e+05     0.02075     0.02893      0.04968
  623   1.718e+05     0.02077     0.02895      0.04972
  624   1.758e+05     0.02078     0.02897      0.04975
  625   1.799e+05      0.0208     0.02899      0.04979
  626   1.841e+05     0.02081     0.02901      0.04982
  627   1.884e+05     0.02083     0.02903      0.04986
  628   1.928e+05     0.02084     0.02905       0.0499
  629   1.972e+05     0.02086     0.02907      0.04993
  630   2.018e+05     0.02087      0.0291      0.04997
  631   2.065e+05     0.02089     0.02912      0.05001
  632   2.113e+05     0.02091     0.02914      0.05005
  633   2.163e+05     0.02092     0.02916      0.05009
  634   2.213e+05     0.02094     0.02919      0.05013
  635   2.265e+05     0.02096     0.02921      0.05017
  636   2.317e+05     0.02097     0.02923      0.05021
  637   2.371e+05     0.02099     0.02926      0.05025
  638   2.427e+05     0.02101     0.02928      0.05029
  639   2.483e+05     0.02103     0.02931      0.05033
  640   2.541e+05     0.02104     0.02933      0.05038
  641     2.6e+05     0.02106     0.02936      0.05042
  642   2.661e+05     0.02108     0.02938      0.05046
  643   2.723e+05      0.0211     0.02941      0.05051
  644   2.786e+05     0.02112     0.02944      0.05055
  645   2.851e+05     0.02114     0.02946       0.0506
  646   2.917e+05     0.02116     0.02949      0.05064
  647   2.985e+05     0.02118     0.02952      0.05069
  648   3.055e+05      0.0212     0.02954      0.05074
  649   3.126e+05     0.02122     0.02957      0.05079
  650   3.199e+05     0.02124      0.0296      0.05083
  651   3.273e+05     0.02126     0.02963      0.05088
  652    3.35e+05     0.02128     0.02966      0.05093
  653   3.428e+05      0.0213     0.02968      0.05098
  654   3.508e+05     0.02132     0.02971      0.05103
  655   3.589e+05     0.02134     0.02974      0.05108
  656   3.673e+05     0.02136     0.02977      0.05113
  657   3.758e+05     0.02138      0.0298      0.05118
  658   3.846e+05      0.0214     0.02983      0.05124
  659   3.936e+05     0.02143     0.02986      0.05129
  660   4.027e+05     0.02145     0.02989      0.05134
  661   4.121e+05     0.02147     0.02993      0.05139
  662   4.217e+05     0.02149     0.02996      0.05145
  663   4.315e+05     0.02151     0.02999       0.0515
  664   4.416e+05     0.02154     0.03002      0.05156
  665   4.519e+05     0.02156     0.03005      0.05161
  666   4.624e+05     0.02158     0.03009      0.05167
  667   4.732e+05     0.02161     0.03012      0.05173
  668   4.842e+05     0.02163     0.03015      0.05178
  669   4.955e+05     0.02166     0.03018      0.05184
  670    5.07e+05     0.02168     0.03022       0.0519
  671   5.188e+05      0.0217     0.03025      0.05196
  672   5.309e+05     0.02173     0.03029      0.05202
  673   5.433e+05     0.02175     0.03032      0.05207
  674   5.559e+05     0.02178     0.03036      0.05213
  675   5.689e+05      0.0218     0.03039      0.05219
  676   5.821e+05     0.02183     0.03043      0.05226
  677   5.957e+05     0.02185     0.03046      0.05232
  678   6.095e+05     0.02188      0.0305      0.05238
  679   6.237e+05     0.02191     0.03053      0.05244
  680   6.383e+05     0.02193     0.03057       0.0525
  681   6.531e+05     0.02196     0.03061      0.05257
  682   6.683e+05     0.02199     0.03064      0.05263
  683   6.839e+05     0.02201     0.03068      0.05269
  684   6.998e+05     0.02204     0.03072      0.05276
  685   7.161e+05     0.02207     0.03076      0.05282
  686   7.328e+05     0.02209      0.0308      0.05289
  687   7.499e+05     0.02212     0.03083      0.05296
  688   7.674e+05     0.02215     0.03087      0.05302
  689   7.852e+05     0.02218     0.03091      0.05309
  690   8.035e+05     0.02221     0.03095      0.05316
  691   8.222e+05     0.02223     0.03099      0.05323
  692   8.414e+05     0.02226     0.03103      0.05329
  693    8.61e+05     0.02229     0.03107      0.05336
  694    8.81e+05     0.02232     0.03111      0.05343
  695   9.016e+05     0.02235     0.03115       0.0535
  696   9.226e+05     0.02238     0.03119      0.05357
  697   9.441e+05     0.02241     0.03123      0.05364
  698   9.661e+05     0.02244     0.03128      0.05372
  699   9.886e+05     0.02247     0.03132      0.05379
  700   1.012e+06      0.0225     0.03136      0.05386
  701   1.035e+06     0.02253      0.0314      0.05393
  702   1.059e+06     0.02256     0.03145      0.05401
  703   1.084e+06     0.02259     0.03149      0.05408
  704   1.109e+06     0.02262     0.03153      0.05415
  705   1.135e+06     0.02265     0.03157      0.05423
  706   1.161e+06     0.02268     0.03162       0.0543
  707   1.189e+06     0.02272     0.03166      0.05438
  708   1.216e+06     0.02275     0.03171      0.05445
  709   1.245e+06     0.02278     0.03175      0.05453
  710   1.274e+06     0.02281      0.0318      0.05461
  711   1.303e+06     0.02284     0.03184      0.05469
  712   1.334e+06     0.02288     0.03189      0.05476
  713   1.365e+06     0.02291     0.03193      0.05484
  714   1.396e+06     0.02294     0.03198      0.05492
  715   1.429e+06     0.02298     0.03202        0.055
  716   1.462e+06     0.02301     0.03207      0.05508
  717   1.496e+06     0.02304     0.03212      0.05516
  718   1.531e+06     0.02308     0.03216      0.05524
  719   1.567e+06     0.02311     0.03221      0.05532
  720   1.603e+06     0.02314     0.03226       0.0554
  721   1.641e+06     0.02318     0.03231      0.05549
  722   1.679e+06     0.02321     0.03235      0.05557
  723   1.718e+06     0.02325      0.0324      0.05565
  724   1.758e+06     0.02328     0.03245      0.05573
  725   1.799e+06     0.02332      0.0325      0.05582
  726   1.841e+06     0.02335     0.03255       0.0559
  727   1.884e+06     0.02339      0.0326      0.05599
  728   1.928e+06     0.02342     0.03265      0.05607
  729   1.972e+06     0.02346      0.0327      0.05616
  730   2.018e+06      0.0235     0.03275      0.05624
  731   2.065e+06     0.02353      0.0328      0.05633
  732   2.113e+06     0.02357     0.03285      0.05642
  733   2.163e+06      0.0236      0.0329      0.05651
  734   2.213e+06     0.02364     0.03295      0.05659
  735   2.265e+06     0.02368       0.033      0.05668
  736   2.317e+06     0.02372     0.03306      0.05677
  737   2.371e+06     0.02375     0.03311      0.05686
  738   2.427e+06     0.02379     0.03316      0.05695
  739   2.483e+06     0.02383     0.03321      0.05704
  740   2.541e+06     0.02387     0.03327      0.05713
  741     2.6e+06      0.0239     0.03332      0.05722
  742   2.661e+06     0.02394     0.03337      0.05732
  743   2.723e+06     0.02398     0.03343      0.05741
  744   2.786e+06     0.02402     0.03348       0.0575
  745   2.851e+06     0.02406     0.03353      0.05759
  746   2.917e+06      0.0241     0.03359      0.05769
  747   2.985e+06     0.02414     0.03364      0.05778
  748   3.055e+06     0.02418      0.0337      0.05787
  749   3.126e+06     0.02422     0.03375      0.05797
  750   3.199e+06     0.02426     0.03381      0.05806
  751   3.273e+06      0.0243     0.03386      0.05816
  752    3.35e+06     0.02434     0.03392      0.05826
  753   3.428e+06     0.02438     0.03398      0.05835
  754   3.508e+06     0.02442     0.03403      0.05845
  755   3.589e+06     0.02446     0.03409      0.05855
  756   3.673e+06      0.0245     0.03415      0.05865
  757   3.758e+06     0.02454      0.0342      0.05874
  758   3.846e+06     0.02458     0.03426      0.05884
  759   3.936e+06     0.02462     0.03432      0.05894
  760   4.027e+06     0.02466     0.03438      0.05904
  761   4.121e+06     0.02471     0.03444      0.05914
  762   4.217e+06     0.02475      0.0345      0.05924
  763   4.315e+06     0.02479     0.03455      0.05935
  764   4.416e+06     0.02483     0.03461      0.05945
  765   4.519e+06     0.02488     0.03467      0.05955
  766   4.624e+06     0.02492     0.03473      0.05965
  767   4.732e+06     0.02496     0.03479      0.05975
  768   4.842e+06       0.025     0.03485      0.05986
  769   4.955e+06     0.02505     0.03491      0.05996
  770    5.07e+06     0.02509     0.03497      0.06007
  771   5.188e+06     0.02514     0.03503      0.06017
  772   5.309e+06     0.02518      0.0351      0.06028
  773   5.433e+06     0.02522     0.03516      0.06038
  774   5.559e+06     0.02527     0.03522      0.06049
  775   5.689e+06     0.02531     0.03528      0.06059
  776   5.821e+06     0.02536     0.03534       0.0607
  777   5.957e+06      0.0254     0.03541      0.06081
  778   6.095e+06     0.02545     0.03547      0.06092
  779   6.237e+06     0.02549     0.03553      0.06102
  780   6.383e+06     0.02554      0.0356      0.06113
  781   6.531e+06     0.02558     0.03566      0.06124
  782   6.683e+06     0.02563     0.03572      0.06135
  783   6.839e+06     0.02568     0.03579      0.06146
  784   6.998e+06     0.02572     0.03585      0.06157
  785   7.161e+06     0.02577     0.03592      0.06168
  786   7.328e+06     0.02581     0.03598       0.0618
  787   7.499e+06     0.02586     0.03605      0.06191
  788   7.674e+06     0.02591     0.03611      0.06202
  789   7.852e+06     0.02596     0.03618      0.06213
  790   8.035e+06       0.026     0.03624      0.06225
  791   8.222e+06     0.02605     0.03631      0.06236
  792   8.414e+06      0.0261     0.03638      0.06247
  793    8.61e+06     0.02615     0.03644      0.06259
  794    8.81e+06     0.02619     0.03651       0.0627
  795   9.016e+06     0.02624     0.03658      0.06282
  796   9.226e+06     0.02629     0.03664      0.06293
  797   9.441e+06     0.02634     0.03671      0.06305
  798   9.661e+06     0.02639     0.03678      0.06317
  799   9.886e+06     0.02644     0.03685      0.06328
-------------------------------------------------------------

