-------------------------------G4_H
-------------------------------proton
### Fill Cross Sections for proton off H
-------------------------------------------------------------
    N     E(MeV)   Elastic(b)   Inelastic(b)   Total(b)
-------------------------------------------------------------
    0      0.1012       1.289           0        1.289
    1      0.1035       1.289           0        1.289
    2      0.1059       1.288           0        1.288
    3      0.1084       1.288           0        1.288
    4      0.1109       1.288           0        1.288
    5      0.1135       1.287           0        1.287
    6      0.1161       1.287           0        1.287
    7      0.1189       1.286           0        1.286
    8      0.1216       1.286           0        1.286
    9      0.1245       1.285           0        1.285
   10      0.1274       1.285           0        1.285
   11      0.1303       1.284           0        1.284
   12      0.1334       1.284           0        1.284
   13      0.1365       1.283           0        1.283
   14      0.1396       1.283           0        1.283
   15      0.1429       1.282           0        1.282
   16      0.1462       1.282           0        1.282
   17      0.1496       1.281           0        1.281
   18      0.1531        1.28           0         1.28
   19      0.1567        1.28           0         1.28
   20      0.1603       1.279           0        1.279
   21      0.1641       1.278           0        1.278
   22      0.1679       1.278           0        1.278
   23      0.1718       1.277           0        1.277
   24      0.1758       1.276           0        1.276
   25      0.1799       1.276           0        1.276
   26      0.1841       1.275           0        1.275
   27      0.1884       1.274           0        1.274
   28      0.1928       1.273           0        1.273
   29      0.1972       1.273           0        1.273
   30      0.2018       1.272           0        1.272
   31      0.2065       1.271           0        1.271
   32      0.2113        1.27           0         1.27
   33      0.2163       1.269           0        1.269
   34      0.2213       1.268           0        1.268
   35      0.2265       1.267           0        1.267
   36      0.2317       1.266           0        1.266
   37      0.2371       1.265           0        1.265
   38      0.2427       1.264           0        1.264
   39      0.2483       1.263           0        1.263
   40      0.2541       1.262           0        1.262
   41        0.26       1.261           0        1.261
   42      0.2661       1.259           0        1.259
   43      0.2723       1.258           0        1.258
   44      0.2786       1.257           0        1.257
   45      0.2851       1.256           0        1.256
   46      0.2917       1.254           0        1.254
   47      0.2985       1.253           0        1.253
   48      0.3055       1.252           0        1.252
   49      0.3126       1.251           0        1.251
   50      0.3199       1.249           0        1.249
   51      0.3273       1.247           0        1.247
   52       0.335       1.246           0        1.246
   53      0.3428       1.244           0        1.244
   54      0.3508       1.242           0        1.242
   55      0.3589       1.241           0        1.241
   56      0.3673       1.239           0        1.239
   57      0.3758       1.237           0        1.237
   58      0.3846       1.236           0        1.236
   59      0.3936       1.234           0        1.234
   60      0.4027       1.232           0        1.232
   61      0.4121        1.23           0         1.23
   62      0.4217       1.228           0        1.228
   63      0.4315       1.226           0        1.226
   64      0.4416       1.224           0        1.224
   65      0.4519       1.221           0        1.221
   66      0.4624       1.219           0        1.219
   67      0.4732       1.217           0        1.217
   68      0.4842       1.215           0        1.215
   69      0.4955       1.212           0        1.212
   70       0.507        1.21           0         1.21
   71      0.5188       1.208           0        1.208
   72      0.5309       1.205           0        1.205
   73      0.5433       1.202           0        1.202
   74      0.5559       1.199           0        1.199
   75      0.5689       1.197           0        1.197
   76      0.5821       1.194           0        1.194
   77      0.5957       1.191           0        1.191
   78      0.6095       1.188           0        1.188
   79      0.6237       1.185           0        1.185
   80      0.6383       1.182           0        1.182
   81      0.6531       1.179           0        1.179
   82      0.6683       1.176           0        1.176
   83      0.6839       1.173           0        1.173
   84      0.6998       1.169           0        1.169
   85      0.7161       1.165           0        1.165
   86      0.7328       1.161           0        1.161
   87      0.7499       1.158           0        1.158
   88      0.7674       1.154           0        1.154
   89      0.7852        1.15           0         1.15
   90      0.8035       1.146           0        1.146
   91      0.8222       1.143           0        1.143
   92      0.8414       1.139           0        1.139
   93       0.861       1.135           0        1.135
   94       0.881        1.13           0         1.13
   95      0.9016       1.126           0        1.126
   96      0.9226       1.121           0        1.121
   97      0.9441       1.116           0        1.116
   98      0.9661       1.112           0        1.112
   99      0.9886       1.107           0        1.107
  100       1.012       1.102           0        1.102
  101       1.035       1.097           0        1.097
  102       1.059       1.093           0        1.093
  103       1.084       1.088           0        1.088
  104       1.109       1.083           0        1.083
  105       1.135       1.078           0        1.078
  106       1.161       1.072           0        1.072
  107       1.189       1.066           0        1.066
  108       1.216        1.06           0         1.06
  109       1.245       1.054           0        1.054
  110       1.274       1.048           0        1.048
  111       1.303       1.043           0        1.043
  112       1.334       1.037           0        1.037
  113       1.365       1.031           0        1.031
  114       1.396       1.025           0        1.025
  115       1.429       1.019           0        1.019
  116       1.462       1.012           0        1.012
  117       1.496       1.006           0        1.006
  118       1.531      0.9986           0       0.9986
  119       1.567      0.9916           0       0.9916
  120       1.603      0.9847           0       0.9847
  121       1.641      0.9778           0       0.9778
  122       1.679      0.9708           0       0.9708
  123       1.718      0.9639           0       0.9639
  124       1.758       0.957           0        0.957
  125       1.799        0.95           0         0.95
  126       1.841       0.943           0        0.943
  127       1.884       0.935           0        0.935
  128       1.928       0.927           0        0.927
  129       1.972       0.919           0        0.919
  130       2.018       0.911           0        0.911
  131       2.065      0.9031           0       0.9031
  132       2.113      0.8951           0       0.8951
  133       2.163      0.8871           0       0.8871
  134       2.213      0.8791           0       0.8791
  135       2.265      0.8711           0       0.8711
  136       2.317      0.8631           0       0.8631
  137       2.371       0.855           0        0.855
  138       2.427      0.8462           0       0.8462
  139       2.483      0.8374           0       0.8374
  140       2.541      0.8286           0       0.8286
  141         2.6      0.8197           0       0.8197
  142       2.661      0.8109           0       0.8109
  143       2.723      0.8021           0       0.8021
  144       2.786      0.7933           0       0.7933
  145       2.851      0.7845           0       0.7845
  146       2.917      0.7756           0       0.7756
  147       2.985      0.7668           0       0.7668
  148       3.055      0.7579           0       0.7579
  149       3.126      0.7486           0       0.7486
  150       3.199      0.7392           0       0.7392
  151       3.273      0.7299           0       0.7299
  152        3.35      0.7206           0       0.7206
  153       3.428      0.7113           0       0.7113
  154       3.508       0.702           0        0.702
  155       3.589      0.6926           0       0.6926
  156       3.673      0.6833           0       0.6833
  157       3.758       0.674           0        0.674
  158       3.846      0.6647           0       0.6647
  159       3.936      0.6554           0       0.6554
  160       4.027      0.6464           0       0.6464
  161       4.121      0.6374           0       0.6374
  162       4.217      0.6283           0       0.6283
  163       4.315      0.6193           0       0.6193
  164       4.416      0.6103           0       0.6103
  165       4.519      0.6012           0       0.6012
  166       4.624      0.5922           0       0.5922
  167       4.732      0.5832           0       0.5832
  168       4.842      0.5741           0       0.5741
  169       4.955      0.5651           0       0.5651
  170        5.07       0.556           0        0.556
  171       5.188      0.5469           0       0.5469
  172       5.309      0.5378           0       0.5378
  173       5.433      0.5286           0       0.5286
  174       5.559      0.5195           0       0.5195
  175       5.689      0.5104           0       0.5104
  176       5.821      0.5013           0       0.5013
  177       5.957      0.4921           0       0.4921
  178       6.095       0.483           0        0.483
  179       6.237      0.4739           0       0.4739
  180       6.383      0.4647           0       0.4647
  181       6.531      0.4561           0       0.4561
  182       6.683      0.4479           0       0.4479
  183       6.839      0.4397           0       0.4397
  184       6.998      0.4316           0       0.4316
  185       7.161      0.4234           0       0.4234
  186       7.328      0.4153           0       0.4153
  187       7.499      0.4071           0       0.4071
  188       7.674       0.399           0        0.399
  189       7.852      0.3908           0       0.3908
  190       8.035      0.3826           0       0.3826
  191       8.222      0.3745           0       0.3745
  192       8.414      0.3669           0       0.3669
  193        8.61      0.3598           0       0.3598
  194        8.81      0.3527           0       0.3527
  195       9.016      0.3455           0       0.3455
  196       9.226      0.3384           0       0.3384
  197       9.441      0.3313           0       0.3313
  198       9.661      0.3242           0       0.3242
  199       9.886       0.317           0        0.317
  200       10.12      0.3099           0       0.3099
  201       10.35      0.3028           0       0.3028
  202       10.59      0.2956           0       0.2956
  203       10.84      0.2893           0       0.2893
  204       11.09      0.2833           0       0.2833
  205       11.35      0.2773           0       0.2773
  206       11.61      0.2713           0       0.2713
  207       11.89      0.2653           0       0.2653
  208       12.16      0.2593           0       0.2593
  209       12.45      0.2533           0       0.2533
  210       12.74      0.2473           0       0.2473
  211       13.03      0.2413           0       0.2413
  212       13.34      0.2353           0       0.2353
  213       13.65      0.2293           0       0.2293
  214       13.96      0.2242           0       0.2242
  215       14.29      0.2193           0       0.2193
  216       14.62      0.2144           0       0.2144
  217       14.96      0.2095           0       0.2095
  218       15.31      0.2046           0       0.2046
  219       15.67      0.1997           0       0.1997
  220       16.03      0.1949           0       0.1949
  221       16.41        0.19           0         0.19
  222       16.79      0.1851           0       0.1851
  223       17.18      0.1802           0       0.1802
  224       17.58      0.1753           0       0.1753
  225       17.99      0.1713           0       0.1713
  226       18.41      0.1675           0       0.1675
  227       18.84      0.1636           0       0.1636
  228       19.28      0.1597           0       0.1597
  229       19.72      0.1558           0       0.1558
  230       20.18      0.1519           0       0.1519
  231       20.65       0.148           0        0.148
  232       21.13      0.1441           0       0.1441
  233       21.63      0.1402           0       0.1402
  234       22.13      0.1363           0       0.1363
  235       22.65      0.1326           0       0.1326
  236       23.17      0.1295           0       0.1295
  237       23.71      0.1265           0       0.1265
  238       24.27      0.1235           0       0.1235
  239       24.83      0.1205           0       0.1205
  240       25.41      0.1175           0       0.1175
  241          26      0.1144           0       0.1144
  242       26.61      0.1114           0       0.1114
  243       27.23      0.1084           0       0.1084
  244       27.86      0.1054           0       0.1054
  245       28.51      0.1023           0       0.1023
  246       29.17     0.09955           0      0.09955
  247       29.85     0.09724           0      0.09724
  248       30.55     0.09494           0      0.09494
  249       31.26     0.09264           0      0.09264
  250       31.99     0.09033           0      0.09033
  251       32.73     0.08803           0      0.08803
  252        33.5     0.08572           0      0.08572
  253       34.28     0.08341           0      0.08341
  254       35.08      0.0811           0       0.0811
  255       35.89     0.07879           0      0.07879
  256       36.73     0.07648           0      0.07648
  257       37.58     0.07452           0      0.07452
  258       38.46     0.07279           0      0.07279
  259       39.36     0.07107           0      0.07107
  260       40.27     0.06935           0      0.06935
  261       41.21     0.06762           0      0.06762
  262       42.17     0.06589           0      0.06589
  263       43.15     0.06417           0      0.06417
  264       44.16     0.06244           0      0.06244
  265       45.19     0.06071           0      0.06071
  266       46.24     0.05898           0      0.05898
  267       47.32     0.05725           0      0.05725
  268       48.42     0.05593           0      0.05593
  269       49.55     0.05467           0      0.05467
  270        50.7     0.05341           0      0.05341
  271       51.88     0.05215           0      0.05215
  272       53.09     0.05088           0      0.05088
  273       54.33     0.04962           0      0.04962
  274       55.59     0.04836           0      0.04836
  275       56.89     0.04709           0      0.04709
  276       58.21     0.04582           0      0.04582
  277       59.57     0.04456           0      0.04456
  278       60.95     0.04338           0      0.04338
  279       62.37     0.04249           0      0.04249
  280       63.83     0.04159           0      0.04159
  281       65.31      0.0407           0       0.0407
  282       66.83     0.03981           0      0.03981
  283       68.39     0.03891           0      0.03891
  284       69.98     0.03802           0      0.03802
  285       71.61     0.03713           0      0.03713
  286       73.28     0.03623           0      0.03623
  287       74.99     0.03533           0      0.03533
  288       76.74     0.03444           0      0.03444
  289       78.52     0.03374           0      0.03374
  290       80.35     0.03315           0      0.03315
  291       82.22     0.03255           0      0.03255
  292       84.14     0.03196           0      0.03196
  293        86.1     0.03136           0      0.03136
  294        88.1     0.03077           0      0.03077
  295       90.16     0.03017           0      0.03017
  296       92.26     0.02958           0      0.02958
  297       94.41     0.02898           0      0.02898
  298       96.61     0.02838           0      0.02838
  299       98.86     0.02783           0      0.02783
  300       101.2     0.02748           0      0.02748
  301       103.5     0.02713           0      0.02713
  302       105.9     0.02678           0      0.02678
  303       108.4     0.02643           0      0.02643
  304       110.9     0.02608           0      0.02608
  305       113.5     0.02573           0      0.02573
  306       116.1     0.02538           0      0.02538
  307       118.9     0.02503           0      0.02503
  308       121.6     0.02468           0      0.02468
  309       124.5     0.02433           0      0.02433
  310       127.4     0.02415           0      0.02415
  311       130.3       0.024           0        0.024
  312       133.4     0.02385           0      0.02385
  313       136.5      0.0237           0       0.0237
  314       139.6     0.02356           0      0.02356
  315       142.9     0.02341           0      0.02341
  316       146.2     0.02326           0      0.02326
  317       149.6     0.02311           0      0.02311
  318       153.1     0.02296           0      0.02296
  319       156.7     0.02282           0      0.02282
  320       160.3     0.02276           0      0.02276
  321       164.1     0.02277           0      0.02277
  322       167.9     0.02278           0      0.02278
  323       171.8     0.02279           0      0.02279
  324       175.8      0.0228           0       0.0228
  325       179.9      0.0228           0       0.0228
  326       184.1     0.02281           0      0.02281
  327       188.4     0.02282           0      0.02282
  328       192.8     0.02283           0      0.02283
  329       197.2     0.02284           0      0.02284
  330       201.8      0.0229           0       0.0229
  331       206.5     0.02301           0      0.02301
  332       211.3     0.02312           0      0.02312
  333       216.3     0.02322           0      0.02322
  334       221.3     0.02333           0      0.02333
  335       226.5     0.02344           0      0.02344
  336       231.7     0.02355           0      0.02355
  337       237.1     0.02366           0      0.02366
  338       242.7     0.02377           0      0.02377
  339       248.3     0.02388           0      0.02388
  340       254.1       0.024           0        0.024
  341         260     0.02414           0      0.02414
  342       266.1     0.02428           0      0.02428
  343       272.3     0.02442           0      0.02442
  344       278.6     0.02456           0      0.02456
  345       285.1     0.02469   2.169e-05      0.02472
  346       291.7     0.02483   5.859e-05      0.02489
  347       298.5     0.02497   0.0001205      0.02509
  348       305.5     0.02511   0.0001869       0.0253
  349       312.6     0.02525    0.000258      0.02551
  350       319.9     0.02536   0.0003355      0.02569
  351       327.3     0.02546   0.0004195      0.02588
  352         335     0.02556   0.0005106      0.02607
  353       342.8     0.02567   0.0006102      0.02628
  354       350.8     0.02577   0.0007194      0.02649
  355       358.9     0.02588   0.0008393      0.02671
  356       367.3     0.02598   0.0009715      0.02695
  357       375.8     0.02608    0.001118       0.0272
  358       384.6     0.02619     0.00128      0.02747
  359       393.6     0.02626    0.001462      0.02772
  360       402.7     0.02629    0.001664      0.02795
  361       412.1     0.02631    0.001892      0.02821
  362       421.7     0.02634    0.002147      0.02849
  363       431.5     0.02637    0.002435      0.02881
  364       441.6      0.0264    0.002761      0.02916
  365       451.9     0.02643    0.003129      0.02956
  366       462.4     0.02646    0.003545         0.03
  367       473.2     0.02649    0.004016       0.0305
  368       484.2     0.02649    0.004548      0.03104
  369       495.5     0.02644    0.005146      0.03159
  370         507     0.02639    0.005815       0.0322
  371       518.8     0.02633    0.006557      0.03289
  372       530.9     0.02628    0.007372      0.03365
  373       543.3     0.02623    0.008256      0.03448
  374       555.9     0.02617    0.009203      0.03538
  375       568.9     0.02612      0.0102      0.03632
  376       582.1     0.02607     0.01124      0.03731
  377       595.7     0.02599     0.01231       0.0383
  378       609.5     0.02588     0.01338      0.03926
  379       623.7     0.02576     0.01445      0.04021
  380       638.3     0.02564     0.01549      0.04113
  381       653.1     0.02552     0.01648        0.042
  382       668.3      0.0254     0.01741      0.04281
  383       683.9     0.02528     0.01825      0.04353
  384       699.8     0.02516     0.01901      0.04417
  385       716.1     0.02504     0.01967      0.04471
  386       732.8      0.0249     0.02024      0.04513
  387       749.9     0.02474     0.02072      0.04546
  388       767.4     0.02458     0.02112       0.0457
  389       785.2     0.02442     0.02146      0.04588
  390       803.5     0.02426     0.02174        0.046
  391       822.2      0.0241     0.02197      0.04607
  392       841.4     0.02394     0.02218      0.04611
  393         861     0.02378     0.02235      0.04613
  394         881     0.02361     0.02251      0.04612
  395       901.6     0.02343     0.02265      0.04609
  396       922.6     0.02325     0.02279      0.04604
  397       944.1     0.02307     0.02293        0.046
  398       966.1     0.02289     0.02306      0.04595
  399       988.6     0.02271     0.02319       0.0459
  400        1012     0.02253     0.02332      0.04585
  401        1035     0.02235     0.02345       0.0458
  402        1059     0.02216     0.02358      0.04575
  403        1084     0.02198     0.02371       0.0457
  404        1109      0.0218     0.02385      0.04564
  405        1135     0.02161     0.02398      0.04559
  406        1161     0.02143      0.0241      0.04553
  407        1189     0.02124     0.02423      0.04547
  408        1216     0.02106     0.02435      0.04541
  409        1245     0.02087     0.02447      0.04534
  410        1274     0.02068     0.02458      0.04526
  411        1303      0.0205     0.02468      0.04519
  412        1334     0.02032     0.02478       0.0451
  413        1365     0.02014     0.02487      0.04501
  414        1396     0.01996     0.02495      0.04491
  415        1429     0.01978     0.02503      0.04481
  416        1462      0.0196     0.02509      0.04469
  417        1496     0.01941     0.02515      0.04456
  418        1531     0.01923      0.0252      0.04443
  419        1567     0.01906     0.02524       0.0443
  420        1603     0.01889     0.02527      0.04416
  421        1641     0.01872     0.02529      0.04401
  422        1679     0.01855     0.02531      0.04385
  423        1718     0.01838     0.02531      0.04369
  424        1758      0.0182     0.02531      0.04351
  425        1799     0.01803      0.0253      0.04333
  426        1841     0.01787     0.02528      0.04315
  427        1884     0.01771     0.02526      0.04297
  428        1928     0.01755     0.02523      0.04277
  429        1972     0.01739     0.02518      0.04257
  430        2018     0.01723     0.02519      0.04242
  431        2065     0.01707     0.02529      0.04235
  432        2113      0.0169     0.02538      0.04228
  433        2163     0.01675     0.02546      0.04222
  434        2213      0.0166     0.02555      0.04215
  435        2265     0.01646     0.02563      0.04209
  436        2317     0.01631     0.02571      0.04202
  437        2371     0.01616     0.02579      0.04195
  438        2427     0.01601     0.02586      0.04187
  439        2483     0.01586     0.02594       0.0418
  440        2541     0.01572     0.02601      0.04173
  441        2600     0.01558     0.02607      0.04166
  442        2661     0.01545     0.02614      0.04159
  443        2723     0.01531      0.0262      0.04151
  444        2786     0.01517     0.02627      0.04144
  445        2851     0.01504     0.02632      0.04136
  446        2917      0.0149     0.02638      0.04128
  447        2985     0.01477     0.02644      0.04121
  448        3055     0.01465     0.02649      0.04114
  449        3126     0.01452     0.02654      0.04106
  450        3199      0.0144     0.02659      0.04099
  451        3273     0.01427     0.02664      0.04091
  452        3350     0.01414     0.02669      0.04083
  453        3428     0.01402     0.02673      0.04075
  454        3508      0.0139     0.02678      0.04068
  455        3589     0.01379     0.02682      0.04061
  456        3673     0.01367     0.02686      0.04053
  457        3758     0.01356      0.0269      0.04046
  458        3846     0.01344     0.02693      0.04038
  459        3936     0.01333     0.02697       0.0403
  460        4027     0.01322     0.02701      0.04022
  461        4121     0.01311     0.02704      0.04015
  462        4217     0.01301     0.02707      0.04008
  463        4315      0.0129      0.0271      0.04001
  464        4416      0.0128     0.02713      0.03993
  465        4519     0.01269     0.02716      0.03985
  466        4624     0.01259     0.02719      0.03977
  467        4732     0.01249     0.02721      0.03971
  468        4842      0.0124     0.02724      0.03963
  469        4955      0.0123     0.02726      0.03956
  470        5070      0.0122     0.02729      0.03949
  471        5188     0.01211     0.02731      0.03942
  472        5309     0.01201     0.02733      0.03934
  473        5433     0.01192     0.02735      0.03927
  474        5559     0.01183     0.02737       0.0392
  475        5689     0.01175     0.02739      0.03913
  476        5821     0.01166      0.0274      0.03906
  477        5957     0.01157     0.02742      0.03899
  478        6095     0.01148     0.02744      0.03892
  479        6237      0.0114     0.02745      0.03885
  480        6383     0.01132     0.02747      0.03878
  481        6531     0.01124     0.02748      0.03872
  482        6683     0.01116     0.02749      0.03865
  483        6839     0.01108     0.02751      0.03858
  484        6998     0.01099     0.02752      0.03851
  485        7161     0.01092     0.02753      0.03845
  486        7328     0.01084     0.02754      0.03838
  487        7499     0.01077     0.02755      0.03832
  488        7674      0.0107     0.02756      0.03826
  489        7852     0.01062     0.02757      0.03819
  490        8035     0.01055     0.02758      0.03813
  491        8222     0.01048     0.02759      0.03806
  492        8414     0.01041      0.0276      0.03801
  493        8610     0.01034      0.0276      0.03795
  494        8810     0.01027     0.02761      0.03789
  495        9016     0.01021     0.02762      0.03783
  496        9226     0.01014     0.02762      0.03776
  497        9441     0.01007     0.02763       0.0377
  498        9661     0.01001     0.02764      0.03765
  499        9886    0.009951     0.02764      0.03759
  500   1.012e+04     0.00989     0.02765      0.03754
  501   1.035e+04    0.009828     0.02765      0.03748
  502   1.059e+04    0.009766     0.02766      0.03742
  503   1.084e+04    0.009706     0.02766      0.03737
  504   1.109e+04     0.00965     0.02766      0.03731
  505   1.135e+04    0.009594     0.02767      0.03726
  506   1.161e+04    0.009538     0.02767      0.03721
  507   1.189e+04    0.009482     0.02768      0.03716
  508   1.216e+04    0.009426     0.02768       0.0371
  509   1.245e+04    0.009371     0.02768      0.03705
  510   1.274e+04     0.00932     0.02768        0.037
  511   1.303e+04    0.009269     0.02769      0.03696
  512   1.334e+04    0.009218     0.02769      0.03691
  513   1.365e+04    0.009167     0.02769      0.03686
  514   1.396e+04    0.009115     0.02769      0.03681
  515   1.429e+04    0.009066      0.0277      0.03676
  516   1.462e+04     0.00902      0.0277      0.03672
  517   1.496e+04    0.008973      0.0277      0.03667
  518   1.531e+04    0.008926      0.0277      0.03663
  519   1.567e+04     0.00888     0.02771      0.03659
  520   1.603e+04    0.008833     0.02771      0.03654
  521   1.641e+04    0.008789     0.02771       0.0365
  522   1.679e+04    0.008747     0.02771      0.03646
  523   1.718e+04    0.008704     0.02771      0.03642
  524   1.758e+04    0.008662     0.02772      0.03638
  525   1.799e+04    0.008619     0.02772      0.03634
  526   1.841e+04    0.008577     0.02772       0.0363
  527   1.884e+04    0.008538     0.02772      0.03626
  528   1.928e+04    0.008499     0.02772      0.03622
  529   1.972e+04    0.008461     0.02773      0.03619
  530   2.018e+04    0.008422     0.02773      0.03615
  531   2.065e+04    0.008383     0.02773      0.03611
  532   2.113e+04    0.008346     0.02773      0.03608
  533   2.163e+04    0.008311     0.02773      0.03604
  534   2.213e+04    0.008276     0.02774      0.03601
  535   2.265e+04    0.008241     0.02774      0.03598
  536   2.317e+04    0.008205     0.02774      0.03595
  537   2.371e+04     0.00817     0.02774      0.03591
  538   2.427e+04    0.008137     0.02775      0.03588
  539   2.483e+04    0.008106     0.02775      0.03585
  540   2.541e+04    0.008074     0.02775      0.03583
  541     2.6e+04    0.008042     0.02776       0.0358
  542   2.661e+04     0.00801     0.02776      0.03577
  543   2.723e+04    0.007978     0.02776      0.03574
  544   2.786e+04     0.00795     0.02776      0.03571
  545   2.851e+04    0.007921     0.02777      0.03569
  546   2.917e+04    0.007892     0.02777      0.03566
  547   2.985e+04    0.007864     0.02778      0.03564
  548   3.055e+04    0.007835     0.02778      0.03561
  549   3.126e+04    0.007807     0.02778      0.03559
  550   3.199e+04    0.007781     0.02779      0.03557
  551   3.273e+04    0.007756     0.02779      0.03555
  552    3.35e+04     0.00773      0.0278      0.03553
  553   3.428e+04    0.007704      0.0278      0.03551
  554   3.508e+04    0.007678     0.02781      0.03549
  555   3.589e+04    0.007654     0.02781      0.03547
  556   3.673e+04    0.007631     0.02782      0.03545
  557   3.758e+04    0.007608     0.02782      0.03543
  558   3.846e+04    0.007585     0.02783      0.03541
  559   3.936e+04    0.007562     0.02783       0.0354
  560   4.027e+04    0.007539     0.02784      0.03538
  561   4.121e+04    0.007518     0.02785      0.03537
  562   4.217e+04    0.007498     0.02785      0.03535
  563   4.315e+04    0.007477     0.02786      0.03534
  564   4.416e+04    0.007457     0.02787      0.03532
  565   4.519e+04    0.007436     0.02787      0.03531
  566   4.624e+04    0.007417     0.02788       0.0353
  567   4.732e+04    0.007398     0.02789      0.03529
  568   4.842e+04     0.00738      0.0279      0.03528
  569   4.955e+04    0.007362      0.0279      0.03527
  570    5.07e+04    0.007344     0.02791      0.03526
  571   5.188e+04    0.007325     0.02792      0.03525
  572   5.309e+04    0.007309     0.02793      0.03524
  573   5.433e+04    0.007293     0.02794      0.03523
  574   5.559e+04    0.007277     0.02795      0.03522
  575   5.689e+04    0.007261     0.02796      0.03522
  576   5.821e+04    0.007245     0.02797      0.03521
  577   5.957e+04     0.00723     0.02798      0.03521
  578   6.095e+04    0.007216     0.02799       0.0352
  579   6.237e+04    0.007202       0.028       0.0352
  580   6.383e+04    0.007188     0.02801      0.03519
  581   6.531e+04    0.007174     0.02802      0.03519
  582   6.683e+04     0.00716     0.02803      0.03519
  583   6.839e+04    0.007147     0.02804      0.03519
  584   6.998e+04    0.007135     0.02805      0.03519
  585   7.161e+04    0.007123     0.02806      0.03519
  586   7.328e+04    0.007111     0.02807      0.03519
  587   7.499e+04    0.007099     0.02809      0.03519
  588   7.674e+04    0.007088      0.0281      0.03519
  589   7.852e+04    0.007078     0.02811      0.03519
  590   8.035e+04    0.007067     0.02813      0.03519
  591   8.222e+04    0.007057     0.02814       0.0352
  592   8.414e+04    0.007047     0.02815       0.0352
  593    8.61e+04    0.007037     0.02817       0.0352
  594    8.81e+04    0.007028     0.02818      0.03521
  595   9.016e+04    0.007019     0.02819      0.03521
  596   9.226e+04    0.007011     0.02821      0.03522
  597   9.441e+04    0.007002     0.02822      0.03523
  598   9.661e+04    0.006994     0.02824      0.03523
  599   9.886e+04    0.006985     0.02825      0.03524
  600   1.012e+05    0.006979     0.02827      0.03525
  601   1.035e+05    0.006972     0.02828      0.03526
  602   1.059e+05    0.006965      0.0283      0.03527
  603   1.084e+05    0.006958     0.02832      0.03528
  604   1.109e+05    0.006951     0.02833      0.03528
  605   1.135e+05    0.006945     0.02835       0.0353
  606   1.161e+05     0.00694     0.02837      0.03531
  607   1.189e+05    0.006934     0.02839      0.03532
  608   1.216e+05    0.006929      0.0284      0.03533
  609   1.245e+05    0.006924     0.02842      0.03534
  610   1.274e+05    0.006919     0.02844      0.03536
  611   1.303e+05    0.006915     0.02846      0.03537
  612   1.334e+05    0.006911     0.02848      0.03539
  613   1.365e+05    0.006907      0.0285       0.0354
  614   1.396e+05    0.006903     0.02851      0.03542
  615   1.429e+05    0.006899     0.02853      0.03543
  616   1.462e+05    0.006896     0.02855      0.03545
  617   1.496e+05    0.006893     0.02857      0.03547
  618   1.531e+05    0.006891     0.02859      0.03549
  619   1.567e+05    0.006888     0.02862       0.0355
  620   1.603e+05    0.006886     0.02864      0.03552
  621   1.641e+05    0.006883     0.02866      0.03554
  622   1.679e+05    0.006882     0.02868      0.03556
  623   1.718e+05    0.006881      0.0287      0.03558
  624   1.758e+05     0.00688     0.02872       0.0356
  625   1.799e+05    0.006878     0.02875      0.03562
  626   1.841e+05    0.006877     0.02877      0.03564
  627   1.884e+05    0.006877     0.02879      0.03567
  628   1.928e+05    0.006876     0.02881      0.03569
  629   1.972e+05    0.006876     0.02884      0.03571
  630   2.018e+05    0.006876     0.02886      0.03574
  631   2.065e+05    0.006876     0.02888      0.03576
  632   2.113e+05    0.006876     0.02891      0.03579
  633   2.163e+05    0.006878     0.02893      0.03581
  634   2.213e+05    0.006879     0.02896      0.03584
  635   2.265e+05     0.00688     0.02898      0.03586
  636   2.317e+05    0.006881     0.02901      0.03589
  637   2.371e+05    0.006882     0.02903      0.03592
  638   2.427e+05    0.006884     0.02906      0.03594
  639   2.483e+05    0.006886     0.02909      0.03597
  640   2.541e+05    0.006888     0.02911        0.036
  641     2.6e+05    0.006891     0.02914      0.03603
  642   2.661e+05    0.006893     0.02917      0.03606
  643   2.723e+05    0.006895     0.02919      0.03609
  644   2.786e+05    0.006898     0.02922      0.03612
  645   2.851e+05    0.006902     0.02925      0.03615
  646   2.917e+05    0.006905     0.02928      0.03618
  647   2.985e+05    0.006908      0.0293      0.03621
  648   3.055e+05    0.006911     0.02933      0.03624
  649   3.126e+05    0.006915     0.02936      0.03628
  650   3.199e+05     0.00692     0.02939      0.03631
  651   3.273e+05    0.006924     0.02942      0.03634
  652    3.35e+05    0.006928     0.02945      0.03638
  653   3.428e+05    0.006932     0.02948      0.03641
  654   3.508e+05    0.006937     0.02951      0.03645
  655   3.589e+05    0.006942     0.02954      0.03648
  656   3.673e+05    0.006947     0.02957      0.03652
  657   3.758e+05    0.006952      0.0296      0.03656
  658   3.846e+05    0.006958     0.02963      0.03659
  659   3.936e+05    0.006963     0.02967      0.03663
  660   4.027e+05    0.006969      0.0297      0.03667
  661   4.121e+05    0.006975     0.02973       0.0367
  662   4.217e+05    0.006981     0.02976      0.03674
  663   4.315e+05    0.006987      0.0298      0.03678
  664   4.416e+05    0.006993     0.02983      0.03682
  665   4.519e+05       0.007     0.02986      0.03686
  666   4.624e+05    0.007006      0.0299       0.0369
  667   4.732e+05    0.007013     0.02993      0.03694
  668   4.842e+05     0.00702     0.02996      0.03698
  669   4.955e+05    0.007027        0.03      0.03702
  670    5.07e+05    0.007034     0.03003      0.03707
  671   5.188e+05    0.007042     0.03007      0.03711
  672   5.309e+05     0.00705      0.0301      0.03715
  673   5.433e+05    0.007058     0.03014      0.03719
  674   5.559e+05    0.007065     0.03017      0.03724
  675   5.689e+05    0.007073     0.03021      0.03728
  676   5.821e+05    0.007081     0.03025      0.03733
  677   5.957e+05     0.00709     0.03028      0.03737
  678   6.095e+05    0.007098     0.03032      0.03742
  679   6.237e+05    0.007107     0.03036      0.03746
  680   6.383e+05    0.007116     0.03039      0.03751
  681   6.531e+05    0.007124     0.03043      0.03755
  682   6.683e+05    0.007133     0.03047       0.0376
  683   6.839e+05    0.007143     0.03051      0.03765
  684   6.998e+05    0.007152     0.03055       0.0377
  685   7.161e+05    0.007161     0.03058      0.03775
  686   7.328e+05    0.007171     0.03062      0.03779
  687   7.499e+05     0.00718     0.03066      0.03784
  688   7.674e+05     0.00719      0.0307      0.03789
  689   7.852e+05      0.0072     0.03074      0.03794
  690   8.035e+05     0.00721     0.03078      0.03799
  691   8.222e+05     0.00722     0.03082      0.03804
  692   8.414e+05    0.007231     0.03086      0.03809
  693    8.61e+05    0.007241      0.0309      0.03814
  694    8.81e+05    0.007252     0.03094       0.0382
  695   9.016e+05    0.007263     0.03099      0.03825
  696   9.226e+05    0.007273     0.03103       0.0383
  697   9.441e+05    0.007284     0.03107      0.03835
  698   9.661e+05    0.007295     0.03111      0.03841
  699   9.886e+05    0.007307     0.03115      0.03846
  700   1.012e+06    0.007318      0.0312      0.03851
  701   1.035e+06    0.007329     0.03124      0.03857
  702   1.059e+06    0.007341     0.03128      0.03862
  703   1.084e+06    0.007352     0.03133      0.03868
  704   1.109e+06    0.007364     0.03137      0.03873
  705   1.135e+06    0.007376     0.03141      0.03879
  706   1.161e+06    0.007388     0.03146      0.03885
  707   1.189e+06      0.0074      0.0315       0.0389
  708   1.216e+06    0.007412     0.03155      0.03896
  709   1.245e+06    0.007425     0.03159      0.03902
  710   1.274e+06    0.007437     0.03164      0.03908
  711   1.303e+06     0.00745     0.03168      0.03913
  712   1.334e+06    0.007463     0.03173      0.03919
  713   1.365e+06    0.007475     0.03178      0.03925
  714   1.396e+06    0.007488     0.03182      0.03931
  715   1.429e+06    0.007501     0.03187      0.03937
  716   1.462e+06    0.007514     0.03192      0.03943
  717   1.496e+06    0.007528     0.03196      0.03949
  718   1.531e+06    0.007541     0.03201      0.03955
  719   1.567e+06    0.007554     0.03206      0.03961
  720   1.603e+06    0.007568     0.03211      0.03968
  721   1.641e+06    0.007581     0.03216      0.03974
  722   1.679e+06    0.007595      0.0322       0.0398
  723   1.718e+06    0.007609     0.03225      0.03986
  724   1.758e+06    0.007623      0.0323      0.03993
  725   1.799e+06    0.007637     0.03235      0.03999
  726   1.841e+06    0.007651      0.0324      0.04005
  727   1.884e+06    0.007665     0.03245      0.04012
  728   1.928e+06     0.00768      0.0325      0.04018
  729   1.972e+06    0.007694     0.03255      0.04025
  730   2.018e+06    0.007708      0.0326      0.04031
  731   2.065e+06    0.007723     0.03265      0.04038
  732   2.113e+06    0.007738      0.0327      0.04044
  733   2.163e+06    0.007753     0.03276      0.04051
  734   2.213e+06    0.007768     0.03281      0.04058
  735   2.265e+06    0.007782     0.03286      0.04064
  736   2.317e+06    0.007797     0.03291      0.04071
  737   2.371e+06    0.007813     0.03297      0.04078
  738   2.427e+06    0.007828     0.03302      0.04085
  739   2.483e+06    0.007843     0.03307      0.04091
  740   2.541e+06    0.007859     0.03312      0.04098
  741     2.6e+06    0.007874     0.03318      0.04105
  742   2.661e+06     0.00789     0.03323      0.04112
  743   2.723e+06    0.007906     0.03329      0.04119
  744   2.786e+06    0.007921     0.03334      0.04126
  745   2.851e+06    0.007937     0.03339      0.04133
  746   2.917e+06    0.007953     0.03345       0.0414
  747   2.985e+06    0.007969     0.03351      0.04147
  748   3.055e+06    0.007985     0.03356      0.04155
  749   3.126e+06    0.008001     0.03362      0.04162
  750   3.199e+06    0.008018     0.03367      0.04169
  751   3.273e+06    0.008034     0.03373      0.04176
  752    3.35e+06     0.00805     0.03378      0.04184
  753   3.428e+06    0.008067     0.03384      0.04191
  754   3.508e+06    0.008084      0.0339      0.04198
  755   3.589e+06      0.0081     0.03396      0.04206
  756   3.673e+06    0.008117     0.03401      0.04213
  757   3.758e+06    0.008134     0.03407      0.04221
  758   3.846e+06    0.008151     0.03413      0.04228
  759   3.936e+06    0.008168     0.03419      0.04236
  760   4.027e+06    0.008185     0.03425      0.04243
  761   4.121e+06    0.008202      0.0343      0.04251
  762   4.217e+06    0.008219     0.03436      0.04258
  763   4.315e+06    0.008237     0.03442      0.04266
  764   4.416e+06    0.008254     0.03448      0.04274
  765   4.519e+06    0.008272     0.03454      0.04281
  766   4.624e+06    0.008289      0.0346      0.04289
  767   4.732e+06    0.008307     0.03466      0.04297
  768   4.842e+06    0.008325     0.03472      0.04305
  769   4.955e+06    0.008342     0.03478      0.04313
  770    5.07e+06     0.00836     0.03485      0.04321
  771   5.188e+06    0.008378     0.03491      0.04329
  772   5.309e+06    0.008396     0.03497      0.04337
  773   5.433e+06    0.008414     0.03503      0.04345
  774   5.559e+06    0.008432     0.03509      0.04353
  775   5.689e+06    0.008451     0.03516      0.04361
  776   5.821e+06    0.008469     0.03522      0.04369
  777   5.957e+06    0.008487     0.03528      0.04377
  778   6.095e+06    0.008506     0.03534      0.04385
  779   6.237e+06    0.008524     0.03541      0.04393
  780   6.383e+06    0.008543     0.03547      0.04401
  781   6.531e+06    0.008561     0.03554       0.0441
  782   6.683e+06     0.00858      0.0356      0.04418
  783   6.839e+06    0.008599     0.03566      0.04426
  784   6.998e+06    0.008618     0.03573      0.04435
  785   7.161e+06    0.008636     0.03579      0.04443
  786   7.328e+06    0.008655     0.03586      0.04452
  787   7.499e+06    0.008674     0.03593       0.0446
  788   7.674e+06    0.008694     0.03599      0.04468
  789   7.852e+06    0.008713     0.03606      0.04477
  790   8.035e+06    0.008732     0.03612      0.04486
  791   8.222e+06    0.008751     0.03619      0.04494
  792   8.414e+06    0.008771     0.03626      0.04503
  793    8.61e+06     0.00879     0.03632      0.04511
  794    8.81e+06    0.008809     0.03639       0.0452
  795   9.016e+06    0.008829     0.03646      0.04529
  796   9.226e+06    0.008849     0.03653      0.04538
  797   9.441e+06    0.008868     0.03659      0.04546
  798   9.661e+06    0.008888     0.03666      0.04555
  799   9.886e+06    0.008908     0.03673      0.04564
-------------------------------------------------------------
