-------------------------------G4_H
-------------------------------anti_proton
### Fill Cross Sections for anti_proton off H
-------------------------------------------------------------
    N     E(MeV)   Elastic(b)   Inelastic(b)   Total(b)
-------------------------------------------------------------
    0      0.1012      0.6802        2.19         2.87
    1      0.1035      0.6728       2.166        2.839
    2      0.1059      0.6655       2.142        2.808
    3      0.1084      0.6582       2.119        2.777
    4      0.1109       0.651       2.096        2.747
    5      0.1135       0.644       2.073        2.717
    6      0.1161       0.637       2.051        2.688
    7      0.1189        0.63       2.028        2.658
    8      0.1216      0.6232       2.006         2.63
    9      0.1245      0.6164       1.985        2.601
   10      0.1274      0.6097       1.963        2.573
   11      0.1303      0.6031       1.942        2.545
   12      0.1334      0.5966       1.921        2.517
   13      0.1365      0.5901         1.9         2.49
   14      0.1396      0.5837       1.879        2.463
   15      0.1429      0.5774       1.859        2.436
   16      0.1462      0.5711       1.839         2.41
   17      0.1496      0.5649       1.819        2.384
   18      0.1531      0.5588       1.799        2.358
   19      0.1567      0.5528        1.78        2.333
   20      0.1603      0.5468       1.761        2.308
   21      0.1641      0.5409       1.742        2.283
   22      0.1679       0.535       1.723        2.258
   23      0.1718      0.5293       1.705        2.234
   24      0.1758      0.5235       1.686         2.21
   25      0.1799      0.5179       1.668        2.186
   26      0.1841      0.5123        1.65        2.162
   27      0.1884      0.5068       1.632        2.139
   28      0.1928      0.5013       1.615        2.116
   29      0.1972      0.4959       1.598        2.094
   30      0.2018      0.4906       1.581        2.071
   31      0.2065      0.4853       1.564        2.049
   32      0.2113        0.48       1.547        2.027
   33      0.2163      0.4749        1.53        2.005
   34      0.2213      0.4698       1.514        1.984
   35      0.2265      0.4647       1.498        1.963
   36      0.2317      0.4597       1.482        1.942
   37      0.2371      0.4548       1.466        1.921
   38      0.2427      0.4499        1.45          1.9
   39      0.2483      0.4451       1.435         1.88
   40      0.2541      0.4403        1.42         1.86
   41        0.26      0.4356       1.405         1.84
   42      0.2661      0.4309        1.39        1.821
   43      0.2723      0.4263       1.375        1.801
   44      0.2786      0.4217        1.36        1.782
   45      0.2851      0.4172       1.346        1.763
   46      0.2917      0.4127       1.332        1.744
   47      0.2985      0.4083       1.318        1.726
   48      0.3055      0.4039       1.304        1.708
   49      0.3126      0.3996        1.29        1.689
   50      0.3199      0.3953       1.276        1.672
   51      0.3273      0.3911       1.263        1.654
   52       0.335      0.3869       1.249        1.636
   53      0.3428      0.3828       1.236        1.619
   54      0.3508      0.3787       1.223        1.602
   55      0.3589      0.3746        1.21        1.585
   56      0.3673      0.3706       1.198        1.568
   57      0.3758      0.3667       1.185        1.552
   58      0.3846      0.3628       1.173        1.535
   59      0.3936      0.3589        1.16        1.519
   60      0.4027      0.3551       1.148        1.503
   61      0.4121      0.3513       1.136        1.487
   62      0.4217      0.3475       1.124        1.472
   63      0.4315      0.3438       1.113        1.456
   64      0.4416      0.3402       1.101        1.441
   65      0.4519      0.3365       1.089        1.426
   66      0.4624       0.333       1.078        1.411
   67      0.4732      0.3294       1.067        1.396
   68      0.4842      0.3259       1.056        1.382
   69      0.4955      0.3224       1.045        1.367
   70       0.507       0.319       1.034        1.353
   71      0.5188      0.3156       1.023        1.339
   72      0.5309      0.3123       1.013        1.325
   73      0.5433      0.3089       1.002        1.311
   74      0.5559      0.3057      0.9918        1.297
   75      0.5689      0.3024      0.9815        1.284
   76      0.5821      0.2992      0.9714        1.271
   77      0.5957       0.296      0.9613        1.257
   78      0.6095      0.2929      0.9514        1.244
   79      0.6237      0.2898      0.9416        1.231
   80      0.6383      0.2867       0.932        1.219
   81      0.6531      0.2837      0.9224        1.206
   82      0.6683      0.2806      0.9129        1.194
   83      0.6839      0.2777      0.9035        1.181
   84      0.6998      0.2747      0.8943        1.169
   85      0.7161      0.2718      0.8851        1.157
   86      0.7328      0.2689      0.8761        1.145
   87      0.7499      0.2661      0.8671        1.133
   88      0.7674      0.2633      0.8583        1.122
   89      0.7852      0.2605      0.8495         1.11
   90      0.8035      0.2577      0.8409        1.099
   91      0.8222       0.255      0.8323        1.087
   92      0.8414      0.2523      0.8239        1.076
   93       0.861      0.2496      0.8155        1.065
   94       0.881       0.247      0.8072        1.054
   95      0.9016      0.2444      0.7991        1.043
   96      0.9226      0.2418       0.791        1.033
   97      0.9441      0.2392       0.783        1.022
   98      0.9661      0.2367      0.7751        1.012
   99      0.9886      0.2342      0.7672        1.001
  100       1.012      0.2317      0.7595       0.9912
  101       1.035      0.2292      0.7519       0.9811
  102       1.059      0.2268      0.7443       0.9711
  103       1.084      0.2244      0.7368       0.9612
  104       1.109       0.222      0.7294       0.9515
  105       1.135      0.2197      0.7221       0.9418
  106       1.161      0.2174      0.7149       0.9323
  107       1.189      0.2151      0.7078       0.9228
  108       1.216      0.2128      0.7007       0.9135
  109       1.245      0.2105      0.6937       0.9042
  110       1.274      0.2083      0.6868       0.8951
  111       1.303      0.2061        0.68       0.8861
  112       1.334      0.2039      0.6732       0.8771
  113       1.365      0.2018      0.6665       0.8683
  114       1.396      0.1996      0.6599       0.8595
  115       1.429      0.1975      0.6534       0.8509
  116       1.462      0.1954      0.6469       0.8423
  117       1.496      0.1933      0.6405       0.8339
  118       1.531      0.1913      0.6342       0.8255
  119       1.567      0.1893       0.628       0.8172
  120       1.603      0.1873      0.6218        0.809
  121       1.641      0.1853      0.6157       0.8009
  122       1.679      0.1833      0.6096       0.7929
  123       1.718      0.1814      0.6036        0.785
  124       1.758      0.1794      0.5977       0.7772
  125       1.799      0.1775      0.5919       0.7694
  126       1.841      0.1757      0.5861       0.7618
  127       1.884      0.1738      0.5804       0.7542
  128       1.928       0.172      0.5747       0.7467
  129       1.972      0.1701      0.5691       0.7393
  130       2.018      0.1683      0.5636       0.7319
  131       2.065      0.1665      0.5581       0.7247
  132       2.113      0.1648      0.5527       0.7175
  133       2.163       0.163      0.5474       0.7104
  134       2.213      0.1613      0.5421       0.7034
  135       2.265      0.1596      0.5369       0.6964
  136       2.317      0.1579      0.5317       0.6896
  137       2.371      0.1562      0.5266       0.6828
  138       2.427      0.1545      0.5215        0.676
  139       2.483      0.1529      0.5165       0.6694
  140       2.541      0.1513      0.5115       0.6628
  141         2.6      0.1497      0.5066       0.6563
  142       2.661      0.1481      0.5018       0.6499
  143       2.723      0.1465       0.497       0.6435
  144       2.786      0.1449      0.4923       0.6372
  145       2.851      0.1434      0.4876        0.631
  146       2.917      0.1419      0.4829       0.6248
  147       2.985      0.1403      0.4783       0.6187
  148       3.055      0.1388      0.4738       0.6127
  149       3.126      0.1374      0.4693       0.6067
  150       3.199      0.1359      0.4649       0.6008
  151       3.273      0.1344      0.4605       0.5949
  152        3.35       0.133      0.4562       0.5892
  153       3.428      0.1316      0.4519       0.5834
  154       3.508      0.1302      0.4476       0.5778
  155       3.589      0.1288      0.4434       0.5722
  156       3.673      0.1274      0.4393       0.5667
  157       3.758       0.126      0.4351       0.5612
  158       3.846      0.1247      0.4311       0.5558
  159       3.936      0.1233       0.427       0.5504
  160       4.027       0.122      0.4231       0.5451
  161       4.121      0.1207      0.4191       0.5398
  162       4.217      0.1194      0.4152       0.5347
  163       4.315      0.1181      0.4114       0.5295
  164       4.416      0.1169      0.4076       0.5244
  165       4.519      0.1156      0.4038       0.5194
  166       4.624      0.1144      0.4001       0.5144
  167       4.732      0.1131      0.3964       0.5095
  168       4.842      0.1119      0.3927       0.5047
  169       4.955      0.1107      0.3891       0.4998
  170        5.07      0.1095      0.3855       0.4951
  171       5.188      0.1083       0.382       0.4904
  172       5.309      0.1072      0.3785       0.4857
  173       5.433       0.106      0.3751       0.4811
  174       5.559      0.1049      0.3716       0.4765
  175       5.689      0.1037      0.3683        0.472
  176       5.821      0.1026      0.3649       0.4675
  177       5.957      0.1015      0.3616       0.4631
  178       6.095      0.1004      0.3583       0.4587
  179       6.237     0.09932      0.3551       0.4544
  180       6.383     0.09824      0.3519       0.4501
  181       6.531     0.09718      0.3487       0.4459
  182       6.683     0.09613      0.3455       0.4417
  183       6.839     0.09508      0.3424       0.4375
  184       6.998     0.09405      0.3394       0.4334
  185       7.161     0.09303      0.3363       0.4294
  186       7.328     0.09202      0.3333       0.4253
  187       7.499     0.09102      0.3303       0.4214
  188       7.674     0.09003      0.3274       0.4174
  189       7.852     0.08905      0.3245       0.4135
  190       8.035     0.08808      0.3216       0.4097
  191       8.222     0.08712      0.3187       0.4059
  192       8.414     0.08617      0.3159       0.4021
  193        8.61     0.08523      0.3131       0.3984
  194        8.81      0.0843      0.3104       0.3947
  195       9.016     0.08338      0.3076        0.391
  196       9.226     0.08247      0.3049       0.3874
  197       9.441     0.08157      0.3022       0.3838
  198       9.661     0.08068      0.2996       0.3803
  199       9.886      0.0798       0.297       0.3768
  200       10.12     0.07892      0.2944       0.3733
  201       10.35     0.07806      0.2918       0.3699
  202       10.59     0.07721      0.2893       0.3665
  203       10.84     0.07636      0.2868       0.3631
  204       11.09     0.07552      0.2843       0.3598
  205       11.35      0.0747      0.2818       0.3565
  206       11.61     0.07388      0.2794       0.3533
  207       11.89     0.07307       0.277         0.35
  208       12.16     0.07227      0.2746       0.3468
  209       12.45     0.07147      0.2722       0.3437
  210       12.74     0.07069      0.2699       0.3406
  211       13.03     0.06991      0.2676       0.3375
  212       13.34     0.06914      0.2653       0.3344
  213       13.65     0.06839       0.263       0.3314
  214       13.96     0.06763      0.2608       0.3284
  215       14.29     0.06689      0.2586       0.3255
  216       14.62     0.06616      0.2564       0.3225
  217       14.96     0.06543      0.2542       0.3196
  218       15.31     0.06471      0.2521       0.3168
  219       15.67       0.064      0.2499       0.3139
  220       16.03     0.06329      0.2478       0.3111
  221       16.41      0.0626      0.2458       0.3084
  222       16.79     0.06191      0.2437       0.3056
  223       17.18     0.06123      0.2417       0.3029
  224       17.58     0.06055      0.2396       0.3002
  225       17.99     0.05989      0.2377       0.2975
  226       18.41     0.05923      0.2357       0.2949
  227       18.84     0.05857      0.2337       0.2923
  228       19.28     0.05793      0.2318       0.2897
  229       19.72     0.05729      0.2299       0.2872
  230       20.18     0.05666       0.228       0.2846
  231       20.65     0.05604      0.2261       0.2822
  232       21.13     0.05542      0.2243       0.2797
  233       21.63     0.05481      0.2224       0.2772
  234       22.13     0.05421      0.2206       0.2748
  235       22.65     0.05361      0.2188       0.2724
  236       23.17     0.05302       0.217       0.2701
  237       23.71     0.05244      0.2153       0.2677
  238       24.27     0.05187      0.2135       0.2654
  239       24.83      0.0513      0.2118       0.2631
  240       25.41     0.05073      0.2101       0.2608
  241          26     0.05018      0.2084       0.2586
  242       26.61     0.04963      0.2067       0.2564
  243       27.23     0.04908      0.2051       0.2542
  244       27.86     0.04854      0.2035        0.252
  245       28.51     0.04801      0.2018       0.2499
  246       29.17     0.04749      0.2002       0.2477
  247       29.85     0.04697      0.1987       0.2456
  248       30.55     0.04645      0.1971       0.2435
  249       31.26     0.04595      0.1955       0.2415
  250       31.99     0.04545       0.194       0.2394
  251       32.73     0.04495      0.1925       0.2374
  252        33.5     0.04446       0.191       0.2354
  253       34.28     0.04398      0.1895       0.2335
  254       35.08      0.0435       0.188       0.2315
  255       35.89     0.04302      0.1866       0.2296
  256       36.73     0.04256      0.1851       0.2277
  257       37.58      0.0421      0.1837       0.2258
  258       38.46     0.04164      0.1823       0.2239
  259       39.36     0.04119      0.1809       0.2221
  260       40.27     0.04074      0.1795       0.2202
  261       41.21      0.0403      0.1781       0.2184
  262       42.17     0.03987      0.1768       0.2166
  263       43.15     0.03944      0.1754       0.2149
  264       44.16     0.03901      0.1741       0.2131
  265       45.19     0.03859      0.1728       0.2114
  266       46.24     0.03818      0.1715       0.2097
  267       47.32     0.03777      0.1702        0.208
  268       48.42     0.03737      0.1689       0.2063
  269       49.55     0.03697      0.1677       0.2047
  270        50.7     0.03657      0.1664        0.203
  271       51.88     0.03618      0.1652       0.2014
  272       53.09      0.0358       0.164       0.1998
  273       54.33     0.03542      0.1628       0.1982
  274       55.59     0.03504      0.1616       0.1967
  275       56.89     0.03467      0.1604       0.1951
  276       58.21     0.03431      0.1593       0.1936
  277       59.57     0.03395      0.1581       0.1921
  278       60.95     0.03359       0.157       0.1906
  279       62.37     0.03324      0.1558       0.1891
  280       63.83     0.03289      0.1547       0.1876
  281       65.31     0.03254      0.1536       0.1862
  282       66.83     0.03221      0.1525       0.1847
  283       68.39     0.03187      0.1514       0.1833
  284       69.98     0.03154      0.1504       0.1819
  285       71.61     0.03121      0.1493       0.1805
  286       73.28     0.03089      0.1483       0.1792
  287       74.99     0.03057      0.1472       0.1778
  288       76.74     0.03026      0.1462       0.1765
  289       78.52     0.02995      0.1452       0.1751
  290       80.35     0.02964      0.1442       0.1738
  291       82.22     0.02934      0.1432       0.1725
  292       84.14     0.02904      0.1422       0.1713
  293        86.1     0.02874      0.1413         0.17
  294        88.1     0.02845      0.1403       0.1687
  295       90.16     0.02817      0.1393       0.1675
  296       92.26     0.02788      0.1384       0.1663
  297       94.41      0.0276      0.1375       0.1651
  298       96.61     0.02733      0.1366       0.1639
  299       98.86     0.02705      0.1357       0.1627
  300       101.2     0.02678      0.1348       0.1615
  301       103.5     0.02652      0.1339       0.1604
  302       105.9     0.02626       0.133       0.1592
  303       108.4       0.026      0.1321       0.1581
  304       110.9     0.02574      0.1313        0.157
  305       113.5     0.02549      0.1304       0.1559
  306       116.1     0.02524      0.1296       0.1548
  307       118.9     0.02499      0.1287       0.1537
  308       121.6     0.02475      0.1279       0.1527
  309       124.5     0.02451      0.1271       0.1516
  310       127.4     0.02428      0.1263       0.1506
  311       130.3     0.02404      0.1255       0.1495
  312       133.4     0.02381      0.1247       0.1485
  313       136.5     0.02358      0.1239       0.1475
  314       139.6     0.02336      0.1232       0.1465
  315       142.9     0.02314      0.1224       0.1455
  316       146.2     0.02292      0.1217       0.1446
  317       149.6      0.0227      0.1209       0.1436
  318       153.1     0.02249      0.1202       0.1427
  319       156.7     0.02228      0.1194       0.1417
  320       160.3     0.02207      0.1187       0.1408
  321       164.1     0.02187       0.118       0.1399
  322       167.9     0.02166      0.1173        0.139
  323       171.8     0.02146      0.1166       0.1381
  324       175.8     0.02127      0.1159       0.1372
  325       179.9     0.02107      0.1152       0.1363
  326       184.1     0.02088      0.1146       0.1354
  327       188.4     0.02069      0.1139       0.1346
  328       192.8      0.0205      0.1132       0.1337
  329       197.2     0.02032      0.1126       0.1329
  330       201.8     0.02013      0.1119       0.1321
  331       206.5     0.01995      0.1113       0.1312
  332       211.3     0.01977      0.1107       0.1304
  333       216.3      0.0196        0.11       0.1296
  334       221.3     0.01942      0.1094       0.1288
  335       226.5     0.01925      0.1088        0.128
  336       231.7     0.01908      0.1082       0.1273
  337       237.1     0.01891      0.1076       0.1265
  338       242.7     0.01874       0.107       0.1257
  339       248.3     0.01858      0.1064        0.125
  340       254.1     0.01842      0.1058       0.1242
  341         260     0.01825      0.1052       0.1235
  342       266.1     0.01809      0.1047       0.1228
  343       272.3     0.01794      0.1041        0.122
  344       278.6     0.01778      0.1035       0.1213
  345       285.1     0.01763       0.103       0.1206
  346       291.7     0.01748      0.1024       0.1199
  347       298.5     0.01732      0.1019       0.1192
  348       305.5     0.01718      0.1014       0.1185
  349       312.6     0.01703      0.1008       0.1178
  350       319.9     0.01688      0.1003       0.1172
  351       327.3     0.01674     0.09976       0.1165
  352         335     0.01659     0.09924       0.1158
  353       342.8     0.01645     0.09872       0.1152
  354       350.8     0.01631     0.09821       0.1145
  355       358.9     0.01617      0.0977       0.1139
  356       367.3     0.01603      0.0972       0.1132
  357       375.8      0.0159      0.0967       0.1126
  358       384.6     0.01576      0.0962        0.112
  359       393.6     0.01563     0.09571       0.1113
  360       402.7     0.01549     0.09522       0.1107
  361       412.1     0.01536     0.09474       0.1101
  362       421.7     0.01523     0.09426       0.1095
  363       431.5      0.0151     0.09378       0.1089
  364       441.6     0.01497      0.0933       0.1083
  365       451.9     0.01484     0.09283       0.1077
  366       462.4     0.01471     0.09236       0.1071
  367       473.2     0.01459      0.0919       0.1065
  368       484.2     0.01446     0.09143       0.1059
  369       495.5     0.01434     0.09097       0.1053
  370         507     0.01421     0.09052       0.1047
  371       518.8     0.01409     0.09005       0.1041
  372       530.9     0.01397     0.08961       0.1036
  373       543.3     0.01385     0.08916        0.103
  374       555.9     0.01373     0.08872       0.1025
  375       568.9     0.01361     0.08828       0.1019
  376       582.1     0.01349     0.08785       0.1013
  377       595.7     0.01338     0.08741       0.1008
  378       609.5     0.01326     0.08698       0.1002
  379       623.7     0.01314     0.08654      0.09969
  380       638.3     0.01303     0.08611      0.09914
  381       653.1     0.01291     0.08568       0.0986
  382       668.3      0.0128     0.08526      0.09805
  383       683.9     0.01268     0.08483      0.09751
  384       699.8     0.01257      0.0844      0.09698
  385       716.1     0.01246     0.08398      0.09644
  386       732.8     0.01235     0.08356      0.09591
  387       749.9     0.01223     0.08314      0.09537
  388       767.4     0.01212     0.08272      0.09484
  389       785.2     0.01201      0.0823      0.09432
  390       803.5      0.0119     0.08189      0.09379
  391       822.2     0.01179     0.08147      0.09326
  392       841.4     0.01168     0.08106      0.09274
  393         861     0.01157     0.08065      0.09222
  394         881     0.01147     0.08023       0.0917
  395       901.6     0.01136     0.07982      0.09118
  396       922.6     0.01125     0.07941      0.09066
  397       944.1     0.01114     0.07901      0.09015
  398       966.1     0.01104      0.0786      0.08964
  399       988.6     0.01093     0.07819      0.08912
  400        1012     0.01082     0.07779      0.08861
  401        1035     0.01072     0.07738       0.0881
  402        1059     0.01061     0.07698      0.08759
  403        1084     0.01051     0.07658      0.08709
  404        1109     0.01041     0.07618      0.08658
  405        1135      0.0103     0.07578      0.08608
  406        1161      0.0102     0.07538      0.08558
  407        1189      0.0101     0.07499      0.08509
  408        1216    0.009996     0.07458      0.08458
  409        1245    0.009892     0.07418      0.08407
  410        1274    0.009788     0.07377      0.08356
  411        1303    0.009685     0.07337      0.08305
  412        1334    0.009582     0.07297      0.08255
  413        1365     0.00948     0.07256      0.08204
  414        1396    0.009379     0.07216      0.08154
  415        1429    0.009278     0.07176      0.08104
  416        1462    0.009199     0.07144      0.08064
  417        1496    0.009104     0.07106      0.08017
  418        1531    0.009009     0.07068      0.07969
  419        1567    0.008915      0.0703      0.07922
  420        1603    0.008821     0.06992      0.07874
  421        1641    0.008728     0.06955      0.07827
  422        1679    0.008635     0.06917       0.0778
  423        1718    0.008543     0.06879      0.07734
  424        1758    0.008452     0.06842      0.07687
  425        1799    0.008361     0.06805      0.07641
  426        1841     0.00827     0.06767      0.07594
  427        1884    0.008181      0.0673      0.07548
  428        1928    0.008092     0.06693      0.07503
  429        1972    0.008003     0.06657      0.07457
  430        2018    0.007916      0.0662      0.07412
  431        2065    0.007829     0.06584      0.07367
  432        2113    0.007743     0.06548      0.07322
  433        2163    0.007657     0.06512      0.07277
  434        2213    0.007573     0.06476      0.07233
  435        2265    0.007489      0.0644      0.07189
  436        2317    0.007406     0.06405      0.07146
  437        2371    0.007324      0.0637      0.07102
  438        2427    0.007243     0.06335      0.07059
  439        2483    0.007163       0.063      0.07016
  440        2541    0.007083     0.06266      0.06974
  441        2600    0.007005     0.06231      0.06932
  442        2661    0.006927     0.06197       0.0689
  443        2723     0.00685     0.06164      0.06849
  444        2786    0.006774      0.0613      0.06807
  445        2851    0.006699     0.06097      0.06767
  446        2917    0.006626     0.06064      0.06727
  447        2985    0.006553     0.06032      0.06687
  448        3055    0.006481     0.05999      0.06648
  449        3126    0.006411     0.05967      0.06609
  450        3199    0.006342     0.05936       0.0657
  451        3273    0.006272     0.05904      0.06531
  452        3350    0.006202     0.05873      0.06493
  453        3428    0.006134     0.05841      0.06455
  454        3508    0.006067     0.05811      0.06417
  455        3589    0.006002      0.0578       0.0638
  456        3673    0.005937      0.0575      0.06344
  457        3758    0.005873      0.0572      0.06307
  458        3846     0.00581      0.0569      0.06271
  459        3936    0.005748     0.05661      0.06236
  460        4027    0.005687     0.05632      0.06201
  461        4121    0.005627     0.05603      0.06166
  462        4217    0.005568     0.05575      0.06132
  463        4315    0.005509     0.05547      0.06098
  464        4416    0.005452     0.05519      0.06064
  465        4519    0.005395     0.05492      0.06031
  466        4624    0.005339     0.05464      0.05998
  467        4732    0.005287     0.05438      0.05967
  468        4842    0.005233     0.05412      0.05935
  469        4955    0.005181     0.05386      0.05904
  470        5070     0.00513      0.0536      0.05873
  471        5188    0.005079     0.05335      0.05843
  472        5309    0.005029      0.0531      0.05813
  473        5433     0.00498     0.05285      0.05783
  474        5559    0.004932      0.0526      0.05753
  475        5689    0.004885     0.05236      0.05725
  476        5821    0.004839     0.05212      0.05696
  477        5957    0.004793     0.05189      0.05668
  478        6095    0.004748     0.05165       0.0564
  479        6237    0.004705     0.05142      0.05613
  480        6383    0.004662      0.0512      0.05586
  481        6531    0.004619     0.05097      0.05559
  482        6683    0.004577     0.05075      0.05533
  483        6839    0.004536     0.05053      0.05507
  484        6998    0.004496     0.05031      0.05481
  485        7161    0.004456      0.0501      0.05455
  486        7328    0.004418     0.04989       0.0543
  487        7499     0.00438     0.04968      0.05406
  488        7674    0.004342     0.04947      0.05382
  489        7852    0.004306     0.04927      0.05358
  490        8035     0.00427     0.04907      0.05334
  491        8222    0.004235     0.04888      0.05311
  492        8414      0.0042     0.04868      0.05288
  493        8610    0.004166     0.04849      0.05266
  494        8810    0.004133      0.0483      0.05243
  495        9016      0.0041     0.04811      0.05222
  496        9226    0.004069     0.04793        0.052
  497        9441    0.004037     0.04775      0.05179
  498        9661    0.004006     0.04757      0.05158
  499        9886    0.003976     0.04739      0.05137
  500   1.012e+04    0.003946     0.04722      0.05117
  501   1.035e+04    0.003917     0.04705      0.05096
  502   1.059e+04    0.003889     0.04688      0.05077
  503   1.084e+04    0.003861     0.04671      0.05057
  504   1.109e+04    0.003833     0.04655      0.05038
  505   1.135e+04    0.003806     0.04638      0.05019
  506   1.161e+04     0.00378     0.04622         0.05
  507   1.189e+04    0.003754     0.04606      0.04982
  508   1.216e+04    0.003728     0.04591      0.04964
  509   1.245e+04    0.003703     0.04575      0.04946
  510   1.274e+04    0.003678      0.0456      0.04928
  511   1.303e+04    0.003654     0.04545       0.0491
  512   1.334e+04     0.00363      0.0453      0.04893
  513   1.365e+04    0.003607     0.04515      0.04876
  514   1.396e+04    0.003584     0.04501      0.04859
  515   1.429e+04    0.003561     0.04487      0.04843
  516   1.462e+04    0.003539     0.04473      0.04827
  517   1.496e+04    0.003517     0.04459      0.04811
  518   1.531e+04    0.003496     0.04445      0.04795
  519   1.567e+04    0.003475     0.04432      0.04779
  520   1.603e+04    0.003454     0.04418      0.04764
  521   1.641e+04    0.003434     0.04405      0.04749
  522   1.679e+04    0.003414     0.04392      0.04734
  523   1.718e+04    0.003394     0.04379      0.04719
  524   1.758e+04    0.003375     0.04367      0.04704
  525   1.799e+04    0.003356     0.04354       0.0469
  526   1.841e+04    0.003337     0.04342      0.04676
  527   1.884e+04    0.003319      0.0433      0.04662
  528   1.928e+04    0.003301     0.04318      0.04648
  529   1.972e+04    0.003283     0.04306      0.04634
  530   2.018e+04    0.003266     0.04294      0.04621
  531   2.065e+04    0.003249     0.04283      0.04608
  532   2.113e+04    0.003232     0.04271      0.04595
  533   2.163e+04    0.003215      0.0426      0.04582
  534   2.213e+04    0.003199     0.04249      0.04569
  535   2.265e+04    0.003183     0.04238      0.04556
  536   2.317e+04    0.003167     0.04227      0.04544
  537   2.371e+04    0.003152     0.04217      0.04532
  538   2.427e+04    0.003136     0.04206       0.0452
  539   2.483e+04    0.003121     0.04196      0.04508
  540   2.541e+04    0.003106     0.04186      0.04496
  541     2.6e+04    0.003092     0.04176      0.04485
  542   2.661e+04    0.003078     0.04166      0.04473
  543   2.723e+04    0.003063     0.04156      0.04462
  544   2.786e+04     0.00305     0.04146      0.04451
  545   2.851e+04    0.003036     0.04137       0.0444
  546   2.917e+04    0.003023     0.04127       0.0443
  547   2.985e+04    0.003009     0.04118      0.04419
  548   3.055e+04    0.002996     0.04109      0.04409
  549   3.126e+04    0.002984       0.041      0.04398
  550   3.199e+04    0.002971     0.04091      0.04388
  551   3.273e+04    0.002959     0.04082      0.04378
  552    3.35e+04    0.002946     0.04074      0.04368
  553   3.428e+04    0.002935     0.04065      0.04359
  554   3.508e+04    0.002923     0.04057      0.04349
  555   3.589e+04    0.002911     0.04049       0.0434
  556   3.673e+04      0.0029     0.04041      0.04331
  557   3.758e+04    0.002889     0.04033      0.04321
  558   3.846e+04    0.002877     0.04025      0.04312
  559   3.936e+04    0.002867     0.04017      0.04304
  560   4.027e+04    0.002856     0.04009      0.04295
  561   4.121e+04    0.002845     0.04002      0.04286
  562   4.217e+04    0.002835     0.03994      0.04278
  563   4.315e+04    0.002825     0.03987       0.0427
  564   4.416e+04    0.002815      0.0398      0.04261
  565   4.519e+04    0.002805     0.03973      0.04253
  566   4.624e+04    0.002796     0.03966      0.04246
  567   4.732e+04    0.002786     0.03959      0.04238
  568   4.842e+04    0.002777     0.03952       0.0423
  569   4.955e+04    0.002768     0.03946      0.04223
  570    5.07e+04    0.002759     0.03939      0.04215
  571   5.188e+04     0.00275     0.03933      0.04208
  572   5.309e+04    0.002741     0.03927      0.04201
  573   5.433e+04    0.002733     0.03921      0.04194
  574   5.559e+04    0.002724     0.03915      0.04187
  575   5.689e+04    0.002716     0.03909       0.0418
  576   5.821e+04    0.002708     0.03903      0.04174
  577   5.957e+04      0.0027     0.03897      0.04167
  578   6.095e+04    0.002692     0.03891      0.04161
  579   6.237e+04    0.002685     0.03886      0.04154
  580   6.383e+04    0.002677     0.03881      0.04148
  581   6.531e+04     0.00267     0.03875      0.04142
  582   6.683e+04    0.002663      0.0387      0.04136
  583   6.839e+04    0.002656     0.03865       0.0413
  584   6.998e+04    0.002649      0.0386      0.04125
  585   7.161e+04    0.002642     0.03855      0.04119
  586   7.328e+04    0.002635      0.0385      0.04114
  587   7.499e+04    0.002629     0.03846      0.04108
  588   7.674e+04    0.002622     0.03841      0.04103
  589   7.852e+04    0.002616     0.03836      0.04098
  590   8.035e+04     0.00261     0.03832      0.04093
  591   8.222e+04    0.002604     0.03828      0.04088
  592   8.414e+04    0.002598     0.03824      0.04083
  593    8.61e+04    0.002593     0.03819      0.04079
  594    8.81e+04    0.002587     0.03815      0.04074
  595   9.016e+04    0.002582     0.03812       0.0407
  596   9.226e+04    0.002576     0.03808      0.04065
  597   9.441e+04    0.002571     0.03804      0.04061
  598   9.661e+04    0.002566       0.038      0.04057
  599   9.886e+04    0.002561     0.03797      0.04053
  600   1.012e+05    0.002556     0.03793      0.04049
  601   1.035e+05    0.002552      0.0379      0.04045
  602   1.059e+05    0.002547     0.03787      0.04042
  603   1.084e+05    0.002543     0.03784      0.04038
  604   1.109e+05    0.002538     0.03781      0.04034
  605   1.135e+05    0.002534     0.03778      0.04031
  606   1.161e+05     0.00253     0.03775      0.04028
  607   1.189e+05    0.002526     0.03772      0.04025
  608   1.216e+05    0.002522     0.03769      0.04021
  609   1.245e+05    0.002518     0.03767      0.04018
  610   1.274e+05    0.002515     0.03764      0.04016
  611   1.303e+05    0.002511     0.03762      0.04013
  612   1.334e+05    0.002508     0.03759       0.0401
  613   1.365e+05    0.002505     0.03757      0.04007
  614   1.396e+05    0.002501     0.03755      0.04005
  615   1.429e+05    0.002498     0.03753      0.04002
  616   1.462e+05    0.002495     0.03751         0.04
  617   1.496e+05    0.002493     0.03749      0.03998
  618   1.531e+05     0.00249     0.03747      0.03996
  619   1.567e+05    0.002487     0.03745      0.03994
  620   1.603e+05    0.002485     0.03743      0.03992
  621   1.641e+05    0.002482     0.03742       0.0399
  622   1.679e+05     0.00248      0.0374      0.03988
  623   1.718e+05    0.002478     0.03739      0.03986
  624   1.758e+05    0.002476     0.03737      0.03985
  625   1.799e+05    0.002474     0.03736      0.03983
  626   1.841e+05    0.002472     0.03735      0.03982
  627   1.884e+05     0.00247     0.03734      0.03981
  628   1.928e+05    0.002468     0.03733      0.03979
  629   1.972e+05    0.002467     0.03732      0.03978
  630   2.018e+05    0.002465     0.03731      0.03977
  631   2.065e+05    0.002464      0.0373      0.03976
  632   2.113e+05    0.002463     0.03729      0.03975
  633   2.163e+05    0.002461     0.03728      0.03975
  634   2.213e+05     0.00246     0.03728      0.03974
  635   2.265e+05    0.002459     0.03727      0.03973
  636   2.317e+05    0.002458     0.03727      0.03973
  637   2.371e+05    0.002458     0.03726      0.03972
  638   2.427e+05    0.002457     0.03726      0.03972
  639   2.483e+05    0.002456     0.03726      0.03971
  640   2.541e+05    0.002456     0.03726      0.03971
  641     2.6e+05    0.002455     0.03726      0.03971
  642   2.661e+05    0.002455     0.03725      0.03971
  643   2.723e+05    0.002455     0.03726      0.03971
  644   2.786e+05    0.002455     0.03726      0.03971
  645   2.851e+05    0.002455     0.03726      0.03971
  646   2.917e+05    0.002455     0.03726      0.03971
  647   2.985e+05    0.002455     0.03726      0.03972
  648   3.055e+05    0.002455     0.03727      0.03972
  649   3.126e+05    0.002455     0.03727      0.03973
  650   3.199e+05    0.002456     0.03728      0.03973
  651   3.273e+05    0.002456     0.03728      0.03974
  652    3.35e+05    0.002457     0.03729      0.03975
  653   3.428e+05    0.002457      0.0373      0.03975
  654   3.508e+05    0.002458      0.0373      0.03976
  655   3.589e+05    0.002459     0.03731      0.03977
  656   3.673e+05     0.00246     0.03732      0.03978
  657   3.758e+05    0.002461     0.03733      0.03979
  658   3.846e+05    0.002462     0.03734       0.0398
  659   3.936e+05    0.002463     0.03735      0.03981
  660   4.027e+05    0.002464     0.03736      0.03983
  661   4.121e+05    0.002466     0.03737      0.03984
  662   4.217e+05    0.002467     0.03739      0.03985
  663   4.315e+05    0.002468      0.0374      0.03987
  664   4.416e+05     0.00247     0.03741      0.03988
  665   4.519e+05    0.002472     0.03743       0.0399
  666   4.624e+05    0.002473     0.03744      0.03992
  667   4.732e+05    0.002475     0.03746      0.03993
  668   4.842e+05    0.002477     0.03748      0.03995
  669   4.955e+05    0.002479     0.03749      0.03997
  670    5.07e+05    0.002481     0.03751      0.03999
  671   5.188e+05    0.002483     0.03753      0.04001
  672   5.309e+05    0.002485     0.03755      0.04003
  673   5.433e+05    0.002488     0.03757      0.04005
  674   5.559e+05     0.00249     0.03759      0.04008
  675   5.689e+05    0.002492     0.03761       0.0401
  676   5.821e+05    0.002495     0.03763      0.04012
  677   5.957e+05    0.002498     0.03765      0.04014
  678   6.095e+05      0.0025     0.03767      0.04017
  679   6.237e+05    0.002503     0.03769      0.04019
  680   6.383e+05    0.002506     0.03771      0.04022
  681   6.531e+05    0.002509     0.03774      0.04025
  682   6.683e+05    0.002512     0.03776      0.04027
  683   6.839e+05    0.002515     0.03779       0.0403
  684   6.998e+05    0.002518     0.03781      0.04033
  685   7.161e+05    0.002521     0.03784      0.04036
  686   7.328e+05    0.002524     0.03786      0.04039
  687   7.499e+05    0.002527     0.03789      0.04042
  688   7.674e+05    0.002531     0.03792      0.04045
  689   7.852e+05    0.002534     0.03794      0.04048
  690   8.035e+05    0.002538     0.03797      0.04051
  691   8.222e+05    0.002541       0.038      0.04054
  692   8.414e+05    0.002545     0.03803      0.04057
  693    8.61e+05    0.002549     0.03806      0.04061
  694    8.81e+05    0.002553     0.03809      0.04064
  695   9.016e+05    0.002556     0.03812      0.04067
  696   9.226e+05     0.00256     0.03815      0.04071
  697   9.441e+05    0.002564     0.03818      0.04074
  698   9.661e+05    0.002569     0.03821      0.04078
  699   9.886e+05    0.002573     0.03824      0.04082
  700   1.012e+06    0.002577     0.03828      0.04085
  701   1.035e+06    0.002581     0.03831      0.04089
  702   1.059e+06    0.002586     0.03834      0.04093
  703   1.084e+06     0.00259     0.03838      0.04097
  704   1.109e+06    0.002594     0.03841      0.04101
  705   1.135e+06    0.002599     0.03845      0.04105
  706   1.161e+06    0.002604     0.03848      0.04109
  707   1.189e+06    0.002608     0.03852      0.04113
  708   1.216e+06    0.002613     0.03855      0.04117
  709   1.245e+06    0.002618     0.03859      0.04121
  710   1.274e+06    0.002623     0.03863      0.04125
  711   1.303e+06    0.002628     0.03867      0.04129
  712   1.334e+06    0.002633      0.0387      0.04134
  713   1.365e+06    0.002638     0.03874      0.04138
  714   1.396e+06    0.002643     0.03878      0.04142
  715   1.429e+06    0.002648     0.03882      0.04147
  716   1.462e+06    0.002653     0.03886      0.04151
  717   1.496e+06    0.002659      0.0389      0.04156
  718   1.531e+06    0.002664     0.03894      0.04161
  719   1.567e+06    0.002669     0.03898      0.04165
  720   1.603e+06    0.002675     0.03902       0.0417
  721   1.641e+06    0.002681     0.03907      0.04175
  722   1.679e+06    0.002686     0.03911      0.04179
  723   1.718e+06    0.002692     0.03915      0.04184
  724   1.758e+06    0.002698     0.03919      0.04189
  725   1.799e+06    0.002703     0.03924      0.04194
  726   1.841e+06    0.002709     0.03928      0.04199
  727   1.884e+06    0.002715     0.03933      0.04204
  728   1.928e+06    0.002721     0.03937      0.04209
  729   1.972e+06    0.002727     0.03941      0.04214
  730   2.018e+06    0.002734     0.03946      0.04219
  731   2.065e+06     0.00274     0.03951      0.04225
  732   2.113e+06    0.002746     0.03955       0.0423
  733   2.163e+06    0.002752      0.0396      0.04235
  734   2.213e+06    0.002759     0.03965       0.0424
  735   2.265e+06    0.002765     0.03969      0.04246
  736   2.317e+06    0.002772     0.03974      0.04251
  737   2.371e+06    0.002778     0.03979      0.04257
  738   2.427e+06    0.002785     0.03984      0.04262
  739   2.483e+06    0.002791     0.03988      0.04268
  740   2.541e+06    0.002798     0.03993      0.04273
  741     2.6e+06    0.002805     0.03998      0.04279
  742   2.661e+06    0.002812     0.04003      0.04285
  743   2.723e+06    0.002819     0.04008       0.0429
  744   2.786e+06    0.002826     0.04013      0.04296
  745   2.851e+06    0.002833     0.04018      0.04302
  746   2.917e+06     0.00284     0.04024      0.04308
  747   2.985e+06    0.002847     0.04029      0.04313
  748   3.055e+06    0.002854     0.04034      0.04319
  749   3.126e+06    0.002861     0.04039      0.04325
  750   3.199e+06    0.002869     0.04044      0.04331
  751   3.273e+06    0.002876      0.0405      0.04337
  752    3.35e+06    0.002884     0.04055      0.04343
  753   3.428e+06    0.002891      0.0406       0.0435
  754   3.508e+06    0.002899     0.04066      0.04356
  755   3.589e+06    0.002906     0.04071      0.04362
  756   3.673e+06    0.002914     0.04077      0.04368
  757   3.758e+06    0.002922     0.04082      0.04374
  758   3.846e+06    0.002929     0.04088      0.04381
  759   3.936e+06    0.002937     0.04093      0.04387
  760   4.027e+06    0.002945     0.04099      0.04393
  761   4.121e+06    0.002953     0.04105        0.044
  762   4.217e+06    0.002961      0.0411      0.04406
  763   4.315e+06    0.002969     0.04116      0.04413
  764   4.416e+06    0.002977     0.04122      0.04419
  765   4.519e+06    0.002985     0.04127      0.04426
  766   4.624e+06    0.002994     0.04133      0.04433
  767   4.732e+06    0.003002     0.04139      0.04439
  768   4.842e+06     0.00301     0.04145      0.04446
  769   4.955e+06    0.003019     0.04151      0.04453
  770    5.07e+06    0.003027     0.04157      0.04459
  771   5.188e+06    0.003036     0.04163      0.04466
  772   5.309e+06    0.003044     0.04169      0.04473
  773   5.433e+06    0.003053     0.04175       0.0448
  774   5.559e+06    0.003062     0.04181      0.04487
  775   5.689e+06     0.00307     0.04187      0.04494
  776   5.821e+06    0.003079     0.04193      0.04501
  777   5.957e+06    0.003088     0.04199      0.04508
  778   6.095e+06    0.003097     0.04205      0.04515
  779   6.237e+06    0.003106     0.04212      0.04522
  780   6.383e+06    0.003115     0.04218      0.04529
  781   6.531e+06    0.003124     0.04224      0.04536
  782   6.683e+06    0.003133      0.0423      0.04544
  783   6.839e+06    0.003143     0.04237      0.04551
  784   6.998e+06    0.003152     0.04243      0.04558
  785   7.161e+06    0.003161     0.04249      0.04566
  786   7.328e+06    0.003171     0.04256      0.04573
  787   7.499e+06     0.00318     0.04262       0.0458
  788   7.674e+06    0.003189     0.04269      0.04588
  789   7.852e+06    0.003199     0.04275      0.04595
  790   8.035e+06    0.003209     0.04282      0.04603
  791   8.222e+06    0.003218     0.04288       0.0461
  792   8.414e+06    0.003228     0.04295      0.04618
  793    8.61e+06    0.003238     0.04302      0.04625
  794    8.81e+06    0.003248     0.04308      0.04633
  795   9.016e+06    0.003257     0.04315      0.04641
  796   9.226e+06    0.003267     0.04322      0.04648
  797   9.441e+06    0.003277     0.04328      0.04656
  798   9.661e+06    0.003287     0.04335      0.04664
  799   9.886e+06    0.003298     0.04342      0.04672
-------------------------------------------------------------
