.-------------------------------G4_H
-------------------------------pi-
### Fill Cross Sections for pi- off H
-------------------------------------------------------------
    N     E(MeV)   Elastic(b)   Inelastic(b)   Total(b)
-------------------------------------------------------------
    0      0.1012    0.003141   0.0001594       0.0033
    1      0.1035    0.003141   0.0001613     0.003302
    2      0.1059    0.003141   0.0001632     0.003304
    3      0.1084    0.003141   0.0001651     0.003306
    4      0.1109    0.003141    0.000167     0.003308
    5      0.1135    0.003141   0.0001689      0.00331
    6      0.1161    0.003141   0.0001709     0.003312
    7      0.1189    0.003141   0.0001728     0.003314
    8      0.1216    0.003141   0.0001748     0.003316
    9      0.1245    0.003141   0.0001769     0.003318
   10      0.1274    0.003141   0.0001789      0.00332
   11      0.1303    0.003141    0.000181     0.003322
   12      0.1334    0.003141   0.0001831     0.003324
   13      0.1365    0.003141   0.0001852     0.003326
   14      0.1396    0.003141   0.0001873     0.003328
   15      0.1429    0.003141   0.0001895      0.00333
   16      0.1462    0.003141   0.0001917     0.003333
   17      0.1496    0.003141   0.0001939     0.003335
   18      0.1531    0.003141   0.0001962     0.003337
   19      0.1567    0.003141   0.0001985     0.003339
   20      0.1603    0.003141   0.0002008     0.003342
   21      0.1641    0.003141   0.0002031     0.003344
   22      0.1679    0.003141   0.0002054     0.003346
   23      0.1718    0.003141   0.0002078     0.003349
   24      0.1758    0.003141   0.0002102     0.003351
   25      0.1799    0.003141   0.0002127     0.003353
   26      0.1841    0.003141   0.0002151     0.003356
   27      0.1884    0.003141   0.0002176     0.003358
   28      0.1928    0.003141   0.0002201     0.003361
   29      0.1972    0.003141   0.0002227     0.003363
   30      0.2018    0.003141   0.0002253     0.003366
   31      0.2065    0.003141   0.0002279     0.003369
   32      0.2113    0.003141   0.0002305     0.003371
   33      0.2163    0.003141   0.0002332     0.003374
   34      0.2213    0.003141   0.0002359     0.003377
   35      0.2265    0.003141   0.0002386     0.003379
   36      0.2317    0.003141   0.0002414     0.003382
   37      0.2371    0.003141   0.0002442     0.003385
   38      0.2427    0.003141    0.000247     0.003388
   39      0.2483    0.003141   0.0002499     0.003391
   40      0.2541    0.003141   0.0002528     0.003394
   41        0.26    0.003141   0.0002557     0.003397
   42      0.2661    0.003141   0.0002587     0.003399
   43      0.2723    0.003141   0.0002617     0.003402
   44      0.2786    0.003141   0.0002647     0.003406
   45      0.2851    0.003141   0.0002678     0.003409
   46      0.2917    0.003141   0.0002709     0.003412
   47      0.2985    0.003141    0.000274     0.003415
   48      0.3055    0.003141   0.0002772     0.003418
   49      0.3126    0.003141   0.0002804     0.003421
   50      0.3199    0.003141   0.0002836     0.003424
   51      0.3273    0.003141   0.0002869     0.003428
   52       0.335    0.003141   0.0002903     0.003431
   53      0.3428    0.003141   0.0002936     0.003434
   54      0.3508    0.003141    0.000297     0.003438
   55      0.3589    0.003141   0.0003005     0.003441
   56      0.3673    0.003141    0.000304     0.003445
   57      0.3758    0.003141   0.0003075     0.003448
   58      0.3846    0.003141   0.0003111     0.003452
   59      0.3936    0.003141   0.0003147     0.003455
   60      0.4027    0.003141   0.0003183     0.003459
   61      0.4121    0.003141    0.000322     0.003463
   62      0.4217    0.003141   0.0003257     0.003467
   63      0.4315    0.003141   0.0003295      0.00347
   64      0.4416    0.003141   0.0003333     0.003474
   65      0.4519    0.003141   0.0003372     0.003478
   66      0.4624    0.003141   0.0003411     0.003482
   67      0.4732    0.003141   0.0003451     0.003486
   68      0.4842    0.003141   0.0003491      0.00349
   69      0.4955    0.003141   0.0003531     0.003494
   70       0.507    0.003136   0.0003572     0.003493
   71      0.5188    0.003127   0.0003614     0.003488
   72      0.5309    0.003118   0.0003655     0.003483
   73      0.5433    0.003108   0.0003698     0.003478
   74      0.5559    0.003099   0.0003741     0.003473
   75      0.5689    0.003089   0.0003784     0.003467
   76      0.5821    0.003079   0.0003828     0.003462
   77      0.5957    0.003068   0.0003873     0.003456
   78      0.6095    0.003058   0.0003917     0.003449
   79      0.6237    0.003047   0.0003963     0.003443
   80      0.6383    0.003036   0.0004009     0.003436
   81      0.6531    0.003024   0.0004055      0.00343
   82      0.6683    0.003012   0.0004103     0.003423
   83      0.6839       0.003    0.000415     0.003415
   84      0.6998    0.002988   0.0004198     0.003408
   85      0.7161    0.002975   0.0004247       0.0034
   86      0.7328    0.002962   0.0004296     0.003391
   87      0.7499    0.002948   0.0004346     0.003383
   88      0.7674    0.002935   0.0004397     0.003374
   89      0.7852    0.002921   0.0004448     0.003365
   90      0.8035    0.002906   0.0004499     0.003356
   91      0.8222    0.002891   0.0004552     0.003346
   92      0.8414    0.002876   0.0004605     0.003336
   93       0.861     0.00286   0.0004658     0.003326
   94       0.881    0.002844   0.0004712     0.003316
   95      0.9016    0.002828   0.0004767     0.003305
   96      0.9226    0.002811   0.0004822     0.003294
   97      0.9441    0.002794   0.0004878     0.003282
   98      0.9661    0.002777   0.0004935      0.00327
   99      0.9886    0.002759   0.0004992     0.003258
  100       1.012    0.002745    0.000505      0.00325
  101       1.035    0.002737   0.0005109     0.003248
  102       1.059    0.002728   0.0005168     0.003245
  103       1.084    0.002719   0.0005228     0.003242
  104       1.109     0.00271   0.0005289     0.003239
  105       1.135    0.002701   0.0005351     0.003236
  106       1.161    0.002691   0.0005413     0.003233
  107       1.189    0.002682   0.0005476     0.003229
  108       1.216    0.002672    0.000554     0.003226
  109       1.245    0.002662   0.0005604     0.003222
  110       1.274    0.002652   0.0005669     0.003219
  111       1.303    0.002642   0.0005735     0.003215
  112       1.334    0.002631   0.0005802     0.003211
  113       1.365    0.002621   0.0005869     0.003208
  114       1.396     0.00261   0.0005938     0.003204
  115       1.429      0.0026   0.0006007       0.0032
  116       1.462    0.002589   0.0006077     0.003197
  117       1.496    0.002578   0.0006147     0.003193
  118       1.531    0.002569   0.0006219     0.003191
  119       1.567    0.002561   0.0006291      0.00319
  120       1.603    0.002552   0.0006365     0.003188
  121       1.641    0.002543   0.0006439     0.003187
  122       1.679    0.002535   0.0006514     0.003186
  123       1.718    0.002526    0.000659     0.003185
  124       1.758    0.002518   0.0006666     0.003184
  125       1.799    0.002509   0.0006744     0.003184
  126       1.841    0.002501   0.0006823     0.003183
  127       1.884    0.002493   0.0006902     0.003183
  128       1.928    0.002485   0.0006983     0.003183
  129       1.972    0.002477   0.0007064     0.003183
  130       2.018    0.002469   0.0007147     0.003183
  131       2.065    0.002461    0.000723     0.003184
  132       2.113    0.002453   0.0007314     0.003184
  133       2.163    0.002445     0.00074     0.003185
  134       2.213    0.002438   0.0007486     0.003186
  135       2.265     0.00243   0.0007573     0.003187
  136       2.317    0.002422   0.0007662     0.003189
  137       2.371    0.002415   0.0007751      0.00319
  138       2.427    0.002407   0.0007842     0.003192
  139       2.483      0.0024   0.0007933     0.003193
  140       2.541    0.002393   0.0008026     0.003195
  141         2.6    0.002385    0.000812     0.003197
  142       2.661    0.002378   0.0008215     0.003199
  143       2.723    0.002371   0.0008311     0.003202
  144       2.786    0.002363   0.0008408     0.003204
  145       2.851    0.002356   0.0008506     0.003207
  146       2.917    0.002349   0.0008606      0.00321
  147       2.985    0.002342   0.0008706     0.003213
  148       3.055    0.002335   0.0008808     0.003216
  149       3.126    0.002328   0.0008911     0.003219
  150       3.199    0.002321   0.0009016     0.003223
  151       3.273    0.002314   0.0009121     0.003226
  152        3.35    0.002307   0.0009228      0.00323
  153       3.428      0.0023   0.0009336     0.003234
  154       3.508    0.002293   0.0009446     0.003238
  155       3.589    0.002287   0.0009557     0.003242
  156       3.673     0.00228   0.0009669     0.003247
  157       3.758    0.002273   0.0009782     0.003251
  158       3.846    0.002266   0.0009897     0.003256
  159       3.936     0.00226    0.001001     0.003261
  160       4.027    0.002253    0.001013     0.003266
  161       4.121    0.002246    0.001025     0.003271
  162       4.217     0.00224    0.001037     0.003277
  163       4.315    0.002233    0.001049     0.003282
  164       4.416    0.002226    0.001062     0.003288
  165       4.519     0.00222    0.001074     0.003294
  166       4.624    0.002213    0.001087       0.0033
  167       4.732    0.002207    0.001099     0.003306
  168       4.842      0.0022    0.001112     0.003313
  169       4.955    0.002194    0.001126     0.003319
  170        5.07    0.002187    0.001139     0.003326
  171       5.188    0.002181    0.001152     0.003333
  172       5.309    0.002174    0.001166      0.00334
  173       5.433    0.002168     0.00118     0.003347
  174       5.559    0.002161    0.001193     0.003355
  175       5.689    0.002155    0.001208     0.003362
  176       5.821    0.002148    0.001222      0.00337
  177       5.957    0.002142    0.001236     0.003378
  178       6.095    0.002135    0.001251     0.003386
  179       6.237    0.002129    0.001266     0.003394
  180       6.383    0.002122    0.001281     0.003403
  181       6.531    0.002116    0.001296     0.003412
  182       6.683    0.002109    0.001311      0.00342
  183       6.839    0.002103    0.001327      0.00343
  184       6.998    0.002096    0.001342     0.003439
  185       7.161     0.00209    0.001358     0.003448
  186       7.328    0.002083    0.001375     0.003458
  187       7.499    0.002077    0.001391     0.003468
  188       7.674     0.00207    0.001407     0.003478
  189       7.852    0.002064    0.001424     0.003488
  190       8.035    0.002057    0.001441     0.003498
  191       8.222    0.002051    0.001458     0.003509
  192       8.414    0.002044    0.001476      0.00352
  193        8.61    0.002038    0.001493     0.003531
  194        8.81    0.002031    0.001511     0.003542
  195       9.016    0.002025    0.001529     0.003554
  196       9.226    0.002018    0.001547     0.003565
  197       9.441    0.002011    0.001566     0.003577
  198       9.661    0.002005    0.001585     0.003589
  199       9.886    0.001998    0.001604     0.003602
  200       10.12    0.001992    0.001623     0.003614
  201       10.35    0.001985    0.001642     0.003627
  202       10.59    0.001978    0.001662      0.00364
  203       10.84    0.001972    0.001682     0.003654
  204       11.09    0.001965    0.001702     0.003667
  205       11.35    0.001958    0.001723     0.003681
  206       11.61    0.001952    0.001743     0.003695
  207       11.89    0.001945    0.001764     0.003709
  208       12.16    0.001938    0.001786     0.003724
  209       12.45    0.001932    0.001807     0.003739
  210       12.74    0.001925    0.001829     0.003754
  211       13.03    0.001919    0.001851      0.00377
  212       13.34    0.001912    0.001874     0.003786
  213       13.65    0.001905    0.001896     0.003802
  214       13.96    0.001899    0.001919     0.003818
  215       14.29    0.001893    0.001943     0.003835
  216       14.62    0.001886    0.001966     0.003852
  217       14.96     0.00188     0.00199      0.00387
  218       15.31    0.001874    0.002014     0.003888
  219       15.67    0.001867    0.002039     0.003906
  220       16.03    0.001861    0.002064     0.003925
  221       16.41    0.001855    0.002089     0.003944
  222       16.79    0.001849    0.002115     0.003964
  223       17.18    0.001843     0.00214     0.003984
  224       17.58    0.001837    0.002167     0.004004
  225       17.99    0.001832    0.002193     0.004025
  226       18.41    0.001826     0.00222     0.004046
  227       18.84     0.00182    0.002248     0.004068
  228       19.28    0.001815    0.002275      0.00409
  229       19.72    0.001809    0.002303     0.004113
  230       20.18    0.001804    0.002332     0.004136
  231       20.65    0.001799    0.002361      0.00416
  232       21.13    0.001794     0.00239     0.004184
  233       21.63     0.00179     0.00242     0.004209
  234       22.13    0.001785     0.00245     0.004235
  235       22.65    0.001781     0.00248     0.004261
  236       23.17    0.001776    0.002511     0.004287
  237       23.71    0.001772    0.002542     0.004315
  238       24.27    0.001768    0.002574     0.004343
  239       24.83    0.001765    0.002606     0.004371
  240       25.41    0.001761    0.002639     0.004401
  241          26    0.001758    0.002672     0.004431
  242       26.61    0.001756    0.002706     0.004462
  243       27.23    0.001753     0.00274     0.004493
  244       27.86    0.001751    0.002775     0.004526
  245       28.51     0.00175     0.00281     0.004559
  246       29.17    0.001749    0.002845     0.004594
  247       29.85    0.001748    0.002881     0.004629
  248       30.55    0.001748    0.002918     0.004666
  249       31.26    0.001748    0.002955     0.004704
  250       31.99     0.00175    0.002993     0.004742
  251       32.73    0.001751    0.003129      0.00488
  252        33.5    0.001754    0.003289     0.005043
  253       34.28    0.001757    0.003452     0.005209
  254       35.08    0.001761    0.003618     0.005379
  255       35.89    0.001766    0.003786     0.005552
  256       36.73    0.001772    0.003956     0.005728
  257       37.58    0.001779    0.004129     0.005908
  258       38.46    0.001787    0.004304     0.006091
  259       39.36    0.001796    0.004483     0.006278
  260       40.27    0.001806    0.004664      0.00647
  261       41.21    0.001817    0.004847     0.006665
  262       42.17     0.00183    0.005034     0.006864
  263       43.15    0.001845    0.005223     0.007068
  264       44.16    0.001861    0.005416     0.007277
  265       45.19    0.001879    0.005611      0.00749
  266       46.24    0.001898     0.00581     0.007708
  267       47.32     0.00192    0.006011     0.007931
  268       48.42    0.001944    0.006216      0.00816
  269       49.55     0.00197    0.006424     0.008394
  270        50.7    0.001999    0.006635     0.008634
  271       51.88     0.00203     0.00685      0.00888
  272       53.09    0.002065    0.007068     0.009133
  273       54.33    0.002102     0.00729     0.009392
  274       55.59    0.002143    0.007515     0.009658
  275       56.89    0.002188    0.007744     0.009932
  276       58.21    0.002237    0.007977      0.01021
  277       59.57     0.00229    0.008213       0.0105
  278       60.95    0.002347    0.008453       0.0108
  279       62.37     0.00241    0.008698      0.01111
  280       63.83    0.002478    0.008946      0.01142
  281       65.31    0.002552    0.009199      0.01175
  282       66.83    0.002632    0.009666       0.0123
  283       68.39     0.00272     0.01014      0.01286
  284       69.98    0.002814     0.01063      0.01344
  285       71.61    0.002917     0.01112      0.01404
  286       73.28    0.003029     0.01162      0.01465
  287       74.99     0.00315     0.01213      0.01528
  288       76.74    0.003282     0.01265      0.01593
  289       78.52    0.003425     0.01317       0.0166
  290       80.35    0.003581     0.01371      0.01729
  291       82.22    0.003751     0.01426      0.01801
  292       84.14    0.003936     0.01481      0.01875
  293        86.1    0.004137     0.01538      0.01951
  294        88.1    0.004356     0.01595      0.02031
  295       90.16    0.004594     0.01654      0.02113
  296       92.26    0.004853     0.01713      0.02199
  297       94.41    0.005135     0.01774      0.02288
  298       96.61    0.005441     0.01836       0.0238
  299       98.86    0.005773     0.01899      0.02476
  300       101.2    0.006133     0.01963      0.02576
  301       103.5    0.006524     0.02028       0.0268
  302       105.9    0.006948     0.02113      0.02808
  303       108.4    0.007409     0.02208      0.02949
  304       110.9     0.00791     0.02306      0.03097
  305       113.5    0.008452     0.02405      0.03251
  306       116.1    0.009038     0.02507       0.0341
  307       118.9    0.009668      0.0261      0.03576
  308       121.6     0.01034     0.02715      0.03749
  309       124.5     0.01107     0.02822      0.03928
  310       127.4     0.01183     0.02931      0.04114
  311       130.3     0.01264     0.03042      0.04306
  312       133.4     0.01349     0.03155      0.04504
  313       136.5     0.01437     0.03271      0.04707
  314       139.6     0.01527     0.03388      0.04915
  315       142.9     0.01619     0.03508      0.05127
  316       146.2     0.01711      0.0363      0.05342
  317       149.6     0.01802     0.03706      0.05508
  318       153.1     0.01889     0.03773      0.05662
  319       156.7      0.0197     0.03842      0.05812
  320       160.3     0.02043     0.03912      0.05956
  321       164.1     0.02105     0.03984      0.06089
  322       167.9     0.02155     0.04057      0.06212
  323       171.8     0.02192     0.04132      0.06323
  324       175.8     0.02214     0.04208      0.06421
  325       179.9     0.02221     0.04285      0.06506
  326       184.1     0.02212     0.04364      0.06576
  327       188.4     0.02189     0.04445      0.06634
  328       192.8     0.02152     0.04446      0.06598
  329       197.2     0.02104     0.04278      0.06382
  330       201.8     0.02047     0.04106      0.06153
  331       206.5     0.01982     0.03932      0.05913
  332       211.3     0.01911     0.03753      0.05664
  333       216.3     0.01837     0.03571      0.05408
  334       221.3     0.01761     0.03385      0.05146
  335       226.5     0.01684     0.03195      0.04879
  336       231.7     0.01608     0.03001       0.0461
  337       237.1     0.01535     0.02803      0.04338
  338       242.7     0.01464     0.02701      0.04165
  339       248.3     0.01396     0.02598      0.03994
  340       254.1     0.01333     0.02492      0.03825
  341         260     0.01274     0.02385      0.03659
  342       266.1     0.01219     0.02275      0.03495
  343       272.3      0.0117     0.02163      0.03333
  344       278.6     0.01126     0.02049      0.03174
  345       285.1     0.01087     0.01941      0.03028
  346       291.7     0.01054     0.01885      0.02939
  347       298.5     0.01027     0.01828      0.02854
  348       305.5     0.01005     0.01769      0.02774
  349       312.6    0.009894     0.01709      0.02699
  350       319.9    0.009797     0.01648      0.02628
  351       327.3    0.009759     0.01586      0.02561
  352         335    0.009777     0.01541      0.02518
  353       342.8    0.009846      0.0152      0.02504
  354       350.8    0.009961     0.01498      0.02494
  355       358.9     0.01011     0.01476      0.02487
  356       367.3     0.01029     0.01453      0.02482
  357       375.8     0.01049      0.0143      0.02479
  358       384.6     0.01068     0.01434      0.02502
  359       393.6     0.01088     0.01458      0.02545
  360       402.7     0.01106     0.01482      0.02588
  361       412.1     0.01122     0.01508       0.0263
  362       421.7     0.01137     0.01533       0.0267
  363       431.5     0.01151     0.01565      0.02716
  364       441.6     0.01165     0.01607      0.02772
  365       451.9      0.0118     0.01649      0.02829
  366       462.4     0.01198     0.01692       0.0289
  367       473.2      0.0122     0.01736      0.02956
  368       484.2     0.01248      0.0179      0.03038
  369       495.5     0.01286     0.01847      0.03133
  370         507     0.01334     0.01907      0.03241
  371       518.8     0.01398     0.01967      0.03365
  372       530.9      0.0148     0.02035      0.03514
  373       543.3     0.01583      0.0211      0.03693
  374       555.9     0.01747     0.02188      0.03935
  375       568.9     0.01867     0.02267      0.04134
  376       582.1     0.01943     0.02348      0.04291
  377       595.7     0.01974     0.02431      0.04405
  378       609.5     0.01949     0.02516      0.04465
  379       623.7     0.01869     0.02595      0.04464
  380       638.3     0.01753     0.02417       0.0417
  381       653.1     0.01624     0.02236       0.0386
  382       668.3     0.01504     0.02051      0.03555
  383       683.9     0.01408     0.02069      0.03477
  384       699.8     0.01345     0.02166      0.03511
  385       716.1     0.01319     0.02266      0.03585
  386       732.8     0.01335     0.02378      0.03713
  387       749.9     0.01396     0.02499      0.03895
  388       767.4     0.01505     0.02623      0.04128
  389       785.2      0.0167     0.02806      0.04477
  390       803.5     0.01894      0.0301      0.04904
  391       822.2     0.02156      0.0321      0.05365
  392       841.4     0.02396     0.03326      0.05722
  393         861     0.02544     0.03445      0.05988
  394         881      0.0256     0.03428      0.05989
  395       901.6     0.02456     0.03294       0.0575
  396       922.6     0.02275     0.03156      0.05431
  397       944.1     0.02068     0.03015      0.05083
  398       966.1     0.01872     0.02871      0.04743
  399       988.6     0.01712     0.02724      0.04435
  400        1012     0.01577     0.02573       0.0415
  401        1035     0.01472     0.02418       0.0389
  402        1059     0.01394     0.02261      0.03654
  403        1084     0.01337     0.02208      0.03545
  404        1109     0.01297      0.0222      0.03517
  405        1135     0.01269     0.02233      0.03502
  406        1161     0.01249     0.02247      0.03495
  407        1189     0.01233     0.02271      0.03504
  408        1216     0.01219     0.02299      0.03518
  409        1245     0.01205     0.02327      0.03532
  410        1274     0.01189     0.02353      0.03542
  411        1303      0.0117     0.02368      0.03538
  412        1334      0.0115     0.02383      0.03533
  413        1365     0.01127     0.02399      0.03526
  414        1396     0.01105     0.02415       0.0352
  415        1429     0.01083     0.02431      0.03514
  416        1462     0.01063     0.02448       0.0351
  417        1496     0.01044     0.02472      0.03517
  418        1531     0.01028     0.02499      0.03526
  419        1567     0.01014     0.02525      0.03539
  420        1603     0.01002     0.02553      0.03554
  421        1641    0.009912     0.02581      0.03572
  422        1679    0.009824      0.0261      0.03592
  423        1718    0.009748     0.02639      0.03614
  424        1758    0.009681     0.02669      0.03637
  425        1799     0.00962       0.027      0.03662
  426        1841    0.009562     0.02732      0.03688
  427        1884    0.009502      0.0275        0.037
  428        1928    0.009437      0.0275      0.03694
  429        1972    0.009364      0.0275      0.03686
  430        2018    0.009281      0.0275      0.03678
  431        2065    0.009187      0.0275      0.03669
  432        2113    0.009082     0.02738      0.03646
  433        2163    0.008969     0.02725      0.03622
  434        2213    0.008851     0.02713      0.03598
  435        2265    0.008731       0.027      0.03573
  436        2317    0.008613     0.02687      0.03548
  437        2371    0.008503     0.02673      0.03523
  438        2427    0.008403     0.02659        0.035
  439        2483    0.008319     0.02641      0.03472
  440        2541    0.008254     0.02612      0.03437
  441        2600    0.008214     0.02582      0.03403
  442        2661    0.008186     0.02552       0.0337
  443        2723    0.008158     0.02535      0.03351
  444        2786     0.00813     0.02519      0.03332
  445        2851    0.008102     0.02503      0.03313
  446        2917    0.008074     0.02489      0.03297
  447        2985    0.008047     0.02476       0.0328
  448        3055     0.00802     0.02462      0.03264
  449        3126    0.007992     0.02447      0.03247
  450        3199    0.007965     0.02433      0.03229
  451        3273    0.007939     0.02418      0.03212
  452        3350    0.007912     0.02403      0.03194
  453        3428    0.007885     0.02387      0.03176
  454        3508    0.007859     0.02371      0.03157
  455        3589    0.007833     0.02355      0.03138
  456        3673    0.007807     0.02338      0.03119
  457        3758    0.007781     0.02321      0.03099
  458        3846    0.007755     0.02303      0.03079
  459        3936     0.00773     0.02296      0.03069
  460        4027    0.007705     0.02292      0.03062
  461        4121    0.007679     0.02287      0.03055
  462        4217    0.007655     0.02282      0.03048
  463        4315     0.00763     0.02277       0.0304
  464        4416    0.007605     0.02272      0.03033
  465        4519    0.007581     0.02267      0.03025
  466        4624    0.007557     0.02262      0.03018
  467        4732    0.007533     0.02257       0.0301
  468        4842    0.007509     0.02251      0.03002
  469        4955    0.007485     0.02247      0.02996
  470        5070    0.007462     0.02244       0.0299
  471        5188    0.007439      0.0224      0.02984
  472        5309    0.007416     0.02237      0.02978
  473        5433    0.007393     0.02233      0.02972
  474        5559     0.00737     0.02229      0.02966
  475        5689    0.007348     0.02225       0.0296
  476        5821    0.007325     0.02221      0.02954
  477        5957    0.007303     0.02219      0.02949
  478        6095    0.007282     0.02218      0.02946
  479        6237     0.00726     0.02216      0.02942
  480        6383    0.007239     0.02215      0.02939
  481        6531    0.007217     0.02213      0.02935
  482        6683    0.007196     0.02212      0.02931
  483        6839    0.007176      0.0221      0.02928
  484        6998    0.007155     0.02209      0.02924
  485        7161    0.007135     0.02207       0.0292
  486        7328    0.007114     0.02205      0.02917
  487        7499    0.007094     0.02204      0.02913
  488        7674    0.007075     0.02202      0.02909
  489        7852    0.007055       0.022      0.02906
  490        8035    0.007036       0.022      0.02904
  491        8222    0.007017       0.022      0.02902
  492        8414    0.006998       0.022        0.029
  493        8610    0.006979       0.022      0.02898
  494        8810     0.00696       0.022      0.02896
  495        9016    0.006942       0.022      0.02894
  496        9226    0.006924       0.022      0.02892
  497        9441    0.006906       0.022      0.02891
  498        9661    0.006889       0.022      0.02889
  499        9886    0.006871       0.022      0.02887
  500   1.012e+04    0.006854     0.02198      0.02883
  501   1.035e+04    0.006837     0.02196       0.0288
  502   1.059e+04     0.00682     0.02194      0.02876
  503   1.084e+04    0.006803     0.02192      0.02873
  504   1.109e+04    0.006787      0.0219      0.02869
  505   1.135e+04    0.006771     0.02188      0.02865
  506   1.161e+04    0.006755     0.02186      0.02861
  507   1.189e+04    0.006739     0.02184      0.02858
  508   1.216e+04    0.006723     0.02182      0.02854
  509   1.245e+04    0.006708     0.02179       0.0285
  510   1.274e+04    0.006693     0.02177      0.02846
  511   1.303e+04    0.006678     0.02175      0.02842
  512   1.334e+04    0.006663     0.02172      0.02838
  513   1.365e+04    0.006648      0.0217      0.02835
  514   1.396e+04    0.006634     0.02167      0.02831
  515   1.429e+04     0.00662     0.02165      0.02827
  516   1.462e+04    0.006606     0.02162      0.02822
  517   1.496e+04    0.006592     0.02159      0.02818
  518   1.531e+04    0.006579     0.02156      0.02814
  519   1.567e+04    0.006565     0.02154       0.0281
  520   1.603e+04    0.006552     0.02151      0.02806
  521   1.641e+04    0.006539     0.02148      0.02802
  522   1.679e+04    0.006526     0.02145      0.02797
  523   1.718e+04    0.006514     0.02141      0.02793
  524   1.758e+04    0.006501     0.02138      0.02788
  525   1.799e+04    0.006489     0.02135      0.02784
  526   1.841e+04    0.006477     0.02132      0.02779
  527   1.884e+04    0.006466     0.02128      0.02775
  528   1.928e+04    0.006454     0.02125       0.0277
  529   1.972e+04    0.006443     0.02121      0.02765
  530   2.018e+04    0.006431      0.0212      0.02763
  531   2.065e+04     0.00642      0.0212      0.02762
  532   2.113e+04     0.00641     0.02119       0.0276
  533   2.163e+04    0.006399     0.02119      0.02759
  534   2.213e+04    0.006389     0.02119      0.02757
  535   2.265e+04    0.006378     0.02118      0.02756
  536   2.317e+04    0.006368     0.02118      0.02755
  537   2.371e+04    0.006359     0.02118      0.02753
  538   2.427e+04    0.006349     0.02117      0.02752
  539   2.483e+04    0.006339     0.02117      0.02751
  540   2.541e+04     0.00633     0.02117       0.0275
  541     2.6e+04    0.006321     0.02116      0.02748
  542   2.661e+04    0.006312     0.02116      0.02747
  543   2.723e+04    0.006303     0.02115      0.02746
  544   2.786e+04    0.006295     0.02115      0.02744
  545   2.851e+04    0.006287     0.02115      0.02743
  546   2.917e+04    0.006278     0.02114      0.02742
  547   2.985e+04     0.00627     0.02114      0.02741
  548   3.055e+04    0.006263     0.02113       0.0274
  549   3.126e+04    0.006255     0.02113      0.02738
  550   3.199e+04    0.006248     0.02112      0.02737
  551   3.273e+04     0.00624     0.02112      0.02736
  552    3.35e+04    0.006233     0.02111      0.02735
  553   3.428e+04    0.006226     0.02111      0.02734
  554   3.508e+04     0.00622      0.0211      0.02732
  555   3.589e+04    0.006213      0.0211      0.02731
  556   3.673e+04    0.006207     0.02109       0.0273
  557   3.758e+04      0.0062     0.02109      0.02729
  558   3.846e+04    0.006194     0.02108      0.02728
  559   3.936e+04    0.006188     0.02108      0.02727
  560   4.027e+04    0.006183     0.02107      0.02726
  561   4.121e+04    0.006177     0.02107      0.02724
  562   4.217e+04    0.006172     0.02106      0.02723
  563   4.315e+04    0.006167     0.02105      0.02722
  564   4.416e+04    0.006162     0.02105      0.02721
  565   4.519e+04    0.006157     0.02104       0.0272
  566   4.624e+04    0.006152     0.02104      0.02719
  567   4.732e+04    0.006148     0.02103      0.02718
  568   4.842e+04    0.006143     0.02102      0.02716
  569   4.955e+04    0.006139     0.02101      0.02715
  570    5.07e+04    0.006135     0.02101      0.02714
  571   5.188e+04    0.006131       0.021      0.02713
  572   5.309e+04    0.006128     0.02099      0.02712
  573   5.433e+04    0.006124     0.02098      0.02711
  574   5.559e+04    0.006121     0.02098       0.0271
  575   5.689e+04    0.006118     0.02097      0.02709
  576   5.821e+04    0.006115     0.02096      0.02707
  577   5.957e+04    0.006112     0.02095      0.02706
  578   6.095e+04    0.006109     0.02094      0.02705
  579   6.237e+04    0.006106     0.02093      0.02704
  580   6.383e+04    0.006104     0.02093      0.02703
  581   6.531e+04    0.006102     0.02092      0.02702
  582   6.683e+04      0.0061     0.02091      0.02701
  583   6.839e+04    0.006098      0.0209      0.02699
  584   6.998e+04    0.006096     0.02089      0.02698
  585   7.161e+04    0.006094     0.02088      0.02697
  586   7.328e+04    0.006093     0.02087      0.02696
  587   7.499e+04    0.006092     0.02086      0.02695
  588   7.674e+04     0.00609     0.02084      0.02693
  589   7.852e+04    0.006089     0.02083      0.02692
  590   8.035e+04    0.006088     0.02082      0.02691
  591   8.222e+04    0.006088     0.02081       0.0269
  592   8.414e+04    0.006087      0.0208      0.02689
  593    8.61e+04    0.006087     0.02079      0.02687
  594    8.81e+04    0.006087     0.02077      0.02686
  595   9.016e+04    0.006086     0.02076      0.02685
  596   9.226e+04    0.006086     0.02075      0.02683
  597   9.441e+04    0.006087     0.02073      0.02682
  598   9.661e+04    0.006087     0.02072      0.02681
  599   9.886e+04    0.006087     0.02071      0.02679
  600   1.012e+05    0.006088     0.02073      0.02682
  601   1.035e+05    0.006089     0.02078      0.02687
  602   1.059e+05     0.00609     0.02083      0.02692
  603   1.084e+05    0.006091     0.02089      0.02698
  604   1.109e+05    0.006092     0.02094      0.02703
  605   1.135e+05    0.006093     0.02099      0.02709
  606   1.161e+05    0.006095     0.02104      0.02714
  607   1.189e+05    0.006096      0.0211      0.02719
  608   1.216e+05    0.006098     0.02115      0.02725
  609   1.245e+05      0.0061      0.0212       0.0273
  610   1.274e+05    0.006102     0.02126      0.02736
  611   1.303e+05    0.006104     0.02131      0.02741
  612   1.334e+05    0.006106     0.02136      0.02747
  613   1.365e+05    0.006109     0.02141      0.02752
  614   1.396e+05    0.006111     0.02147      0.02758
  615   1.429e+05    0.006114     0.02152      0.02763
  616   1.462e+05    0.006117     0.02157      0.02769
  617   1.496e+05     0.00612     0.02163      0.02775
  618   1.531e+05    0.006123     0.02168       0.0278
  619   1.567e+05    0.006126     0.02173      0.02786
  620   1.603e+05     0.00613     0.02178      0.02791
  621   1.641e+05    0.006133     0.02184      0.02797
  622   1.679e+05    0.006137     0.02189      0.02803
  623   1.718e+05    0.006141     0.02194      0.02808
  624   1.758e+05    0.006145       0.022      0.02814
  625   1.799e+05    0.006149     0.02205       0.0282
  626   1.841e+05    0.006153      0.0221      0.02826
  627   1.884e+05    0.006157     0.02216      0.02831
  628   1.928e+05    0.006162     0.02221      0.02837
  629   1.972e+05    0.006166     0.02226      0.02843
  630   2.018e+05    0.006171     0.02232      0.02849
  631   2.065e+05    0.006176     0.02237      0.02855
  632   2.113e+05    0.006181     0.02242       0.0286
  633   2.163e+05    0.006186     0.02248      0.02866
  634   2.213e+05    0.006191     0.02253      0.02872
  635   2.265e+05    0.006196     0.02258      0.02878
  636   2.317e+05    0.006202     0.02264      0.02884
  637   2.371e+05    0.006207     0.02269       0.0289
  638   2.427e+05    0.006213     0.02275      0.02896
  639   2.483e+05    0.006219      0.0228      0.02902
  640   2.541e+05    0.006225     0.02285      0.02908
  641     2.6e+05    0.006231     0.02291      0.02914
  642   2.661e+05    0.006237     0.02296       0.0292
  643   2.723e+05    0.006243     0.02302      0.02926
  644   2.786e+05     0.00625     0.02307      0.02932
  645   2.851e+05    0.006256     0.02312      0.02938
  646   2.917e+05    0.006263     0.02318      0.02944
  647   2.985e+05     0.00627     0.02323       0.0295
  648   3.055e+05    0.006277     0.02329      0.02956
  649   3.126e+05    0.006284     0.02334      0.02963
  650   3.199e+05    0.006291      0.0234      0.02969
  651   3.273e+05    0.006298     0.02345      0.02975
  652    3.35e+05    0.006306     0.02351      0.02981
  653   3.428e+05    0.006313     0.02356      0.02987
  654   3.508e+05    0.006321     0.02362      0.02994
  655   3.589e+05    0.006329     0.02367         0.03
  656   3.673e+05    0.006336     0.02373      0.03006
  657   3.758e+05    0.006344     0.02378      0.03013
  658   3.846e+05    0.006353     0.02384      0.03019
  659   3.936e+05    0.006361     0.02389      0.03025
  660   4.027e+05    0.006369     0.02395      0.03032
  661   4.121e+05    0.006378       0.024      0.03038
  662   4.217e+05    0.006386     0.02406      0.03045
  663   4.315e+05    0.006395     0.02411      0.03051
  664   4.416e+05    0.006404     0.02417      0.03057
  665   4.519e+05    0.006413     0.02423      0.03064
  666   4.624e+05    0.006422     0.02428       0.0307
  667   4.732e+05    0.006431     0.02434      0.03077
  668   4.842e+05     0.00644      0.0244      0.03084
  669   4.955e+05    0.006449     0.02445       0.0309
  670    5.07e+05    0.006459     0.02451      0.03097
  671   5.188e+05    0.006469     0.02457      0.03103
  672   5.309e+05    0.006478     0.02462       0.0311
  673   5.433e+05    0.006488     0.02468      0.03117
  674   5.559e+05    0.006498     0.02474      0.03123
  675   5.689e+05    0.006508     0.02479       0.0313
  676   5.821e+05    0.006518     0.02485      0.03137
  677   5.957e+05    0.006528     0.02491      0.03144
  678   6.095e+05    0.006539     0.02497       0.0315
  679   6.237e+05    0.006549     0.02502      0.03157
  680   6.383e+05     0.00656     0.02508      0.03164
  681   6.531e+05    0.006571     0.02514      0.03171
  682   6.683e+05    0.006582      0.0252      0.03178
  683   6.839e+05    0.006592     0.02526      0.03185
  684   6.998e+05    0.006603     0.02532      0.03192
  685   7.161e+05    0.006615     0.02537      0.03199
  686   7.328e+05    0.006626     0.02543      0.03206
  687   7.499e+05    0.006637     0.02549      0.03213
  688   7.674e+05    0.006649     0.02555       0.0322
  689   7.852e+05     0.00666     0.02561      0.03227
  690   8.035e+05    0.006672     0.02567      0.03234
  691   8.222e+05    0.006684     0.02573      0.03242
  692   8.414e+05    0.006696     0.02579      0.03249
  693    8.61e+05    0.006708     0.02585      0.03256
  694    8.81e+05     0.00672     0.02591      0.03263
  695   9.016e+05    0.006732     0.02597      0.03271
  696   9.226e+05    0.006744     0.02603      0.03278
  697   9.441e+05    0.006757      0.0261      0.03285
  698   9.661e+05    0.006769     0.02616      0.03293
  699   9.886e+05    0.006782     0.02622        0.033
  700   1.012e+06    0.006795     0.02628      0.03308
  701   1.035e+06    0.006807     0.02634      0.03315
  702   1.059e+06     0.00682     0.02641      0.03323
  703   1.084e+06    0.006833     0.02647       0.0333
  704   1.109e+06    0.006847     0.02653      0.03338
  705   1.135e+06     0.00686      0.0266      0.03346
  706   1.161e+06    0.006873     0.02666      0.03353
  707   1.189e+06    0.006887     0.02672      0.03361
  708   1.216e+06      0.0069     0.02679      0.03369
  709   1.245e+06    0.006914     0.02685      0.03377
  710   1.274e+06    0.006928     0.02692      0.03385
  711   1.303e+06    0.006942     0.02698      0.03392
  712   1.334e+06    0.006956     0.02705        0.034
  713   1.365e+06     0.00697     0.02712      0.03408
  714   1.396e+06    0.006984     0.02718      0.03417
  715   1.429e+06    0.006998     0.02725      0.03425
  716   1.462e+06    0.007013     0.02732      0.03433
  717   1.496e+06    0.007027     0.02738      0.03441
  718   1.531e+06    0.007042     0.02745      0.03449
  719   1.567e+06    0.007056     0.02752      0.03458
  720   1.603e+06    0.007071     0.02759      0.03466
  721   1.641e+06    0.007086     0.02766      0.03474
  722   1.679e+06    0.007101     0.02773      0.03483
  723   1.718e+06    0.007116      0.0278      0.03491
  724   1.758e+06    0.007131     0.02787        0.035
  725   1.799e+06    0.007147     0.02794      0.03509
  726   1.841e+06    0.007162     0.02801      0.03517
  727   1.884e+06    0.007177     0.02808      0.03526
  728   1.928e+06    0.007193     0.02815      0.03535
  729   1.972e+06    0.007209     0.02823      0.03544
  730   2.018e+06    0.007224      0.0283      0.03553
  731   2.065e+06     0.00724     0.02838      0.03562
  732   2.113e+06    0.007256     0.02845      0.03571
  733   2.163e+06    0.007272     0.02853       0.0358
  734   2.213e+06    0.007289      0.0286      0.03589
  735   2.265e+06    0.007305     0.02868      0.03598
  736   2.317e+06    0.007321     0.02876      0.03608
  737   2.371e+06    0.007338     0.02883      0.03617
  738   2.427e+06    0.007354     0.02891      0.03627
  739   2.483e+06    0.007371     0.02899      0.03636
  740   2.541e+06    0.007388     0.02907      0.03646
  741     2.6e+06    0.007404     0.02915      0.03656
  742   2.661e+06    0.007421     0.02923      0.03665
  743   2.723e+06    0.007438     0.02931      0.03675
  744   2.786e+06    0.007456      0.0294      0.03685
  745   2.851e+06    0.007473     0.02948      0.03695
  746   2.917e+06     0.00749     0.02956      0.03705
  747   2.985e+06    0.007508     0.02965      0.03716
  748   3.055e+06    0.007525     0.02974      0.03726
  749   3.126e+06    0.007543     0.02982      0.03737
  750   3.199e+06     0.00756     0.02991      0.03747
  751   3.273e+06    0.007578        0.03      0.03758
  752    3.35e+06    0.007596     0.03009      0.03768
  753   3.428e+06    0.007614     0.03018      0.03779
  754   3.508e+06    0.007632     0.03027       0.0379
  755   3.589e+06     0.00765     0.03036      0.03801
  756   3.673e+06    0.007669     0.03046      0.03812
  757   3.758e+06    0.007687     0.03055      0.03824
  758   3.846e+06    0.007706     0.03065      0.03835
  759   3.936e+06    0.007724     0.03074      0.03847
  760   4.027e+06    0.007743     0.03084      0.03858
  761   4.121e+06    0.007762     0.03094       0.0387
  762   4.217e+06     0.00778     0.03104      0.03882
  763   4.315e+06    0.007799     0.03114      0.03894
  764   4.416e+06    0.007818     0.03124      0.03906
  765   4.519e+06    0.007838     0.03135      0.03918
  766   4.624e+06    0.007857     0.03145      0.03931
  767   4.732e+06    0.007876     0.03156      0.03943
  768   4.842e+06    0.007895     0.03167      0.03956
  769   4.955e+06    0.007915     0.03178      0.03969
  770    5.07e+06    0.007935     0.03189      0.03982
  771   5.188e+06    0.007954       0.032      0.03995
  772   5.309e+06    0.007974     0.03211      0.04009
  773   5.433e+06    0.007994     0.03223      0.04022
  774   5.559e+06    0.008014     0.03234      0.04036
  775   5.689e+06    0.008034     0.03246       0.0405
  776   5.821e+06    0.008054     0.03258      0.04064
  777   5.957e+06    0.008074      0.0327      0.04078
  778   6.095e+06    0.008095     0.03283      0.04092
  779   6.237e+06    0.008115     0.03295      0.04107
  780   6.383e+06    0.008136     0.03308      0.04122
  781   6.531e+06    0.008156     0.03321      0.04137
  782   6.683e+06    0.008177     0.03334      0.04152
  783   6.839e+06    0.008198     0.03347      0.04167
  784   6.998e+06    0.008219     0.03361      0.04183
  785   7.161e+06     0.00824     0.03375      0.04198
  786   7.328e+06    0.008261     0.03388      0.04214
  787   7.499e+06    0.008282     0.03403      0.04231
  788   7.674e+06    0.008303     0.03417      0.04247
  789   7.852e+06    0.008324     0.03432      0.04264
  790   8.035e+06    0.008346     0.03446      0.04281
  791   8.222e+06    0.008367     0.03461      0.04298
  792   8.414e+06    0.008389     0.03477      0.04316
  793    8.61e+06    0.008411     0.03492      0.04333
  794    8.81e+06    0.008432     0.03508      0.04351
  795   9.016e+06    0.008454     0.03524       0.0437
  796   9.226e+06    0.008476     0.03541      0.04388
  797   9.441e+06    0.008498     0.03557      0.04407
  798   9.661e+06     0.00852     0.03574      0.04426
  799   9.886e+06    0.008543     0.03591      0.04446
-------------------------------------------------------------
