-------------------------------G4_H
-------------------------------sigma-
### Fill Cross Sections for sigma- off H
-------------------------------------------------------------
    N     E(MeV)   Elastic(b)   Inelastic(b)   Total(b)
-------------------------------------------------------------
    0      0.1012      0.9467           0       0.9467
    1      0.1035      0.9449           0       0.9449
    2      0.1059      0.9431           0       0.9431
    3      0.1084      0.9413           0       0.9413
    4      0.1109      0.9395           0       0.9395
    5      0.1135      0.9376           0       0.9376
    6      0.1161      0.9357           0       0.9357
    7      0.1189      0.9338           0       0.9338
    8      0.1216      0.9319           0       0.9319
    9      0.1245      0.9299           0       0.9299
   10      0.1274       0.928           0        0.928
   11      0.1303       0.926           0        0.926
   12      0.1334       0.924           0        0.924
   13      0.1365      0.9219           0       0.9219
   14      0.1396      0.9199           0       0.9199
   15      0.1429      0.9178           0       0.9178
   16      0.1462      0.9157           0       0.9157
   17      0.1496      0.9135           0       0.9135
   18      0.1531      0.9114           0       0.9114
   19      0.1567      0.9092           0       0.9092
   20      0.1603       0.907           0        0.907
   21      0.1641      0.9047           0       0.9047
   22      0.1679      0.9025           0       0.9025
   23      0.1718      0.9002           0       0.9002
   24      0.1758      0.8979           0       0.8979
   25      0.1799      0.8955           0       0.8955
   26      0.1841      0.8932           0       0.8932
   27      0.1884      0.8908           0       0.8908
   28      0.1928      0.8884           0       0.8884
   29      0.1972      0.8859           0       0.8859
   30      0.2018      0.8834           0       0.8834
   31      0.2065      0.8809           0       0.8809
   32      0.2113      0.8784           0       0.8784
   33      0.2163      0.8758           0       0.8758
   34      0.2213      0.8732           0       0.8732
   35      0.2265      0.8706           0       0.8706
   36      0.2317      0.8679           0       0.8679
   37      0.2371      0.8653           0       0.8653
   38      0.2427      0.8625           0       0.8625
   39      0.2483      0.8598           0       0.8598
   40      0.2541       0.857           0        0.857
   41        0.26      0.8542           0       0.8542
   42      0.2661      0.8513           0       0.8513
   43      0.2723      0.8485           0       0.8485
   44      0.2786      0.8455   6.734e-12       0.8455
   45      0.2851      0.8426    2.63e-11       0.8426
   46      0.2917      0.8396   4.609e-11       0.8396
   47      0.2985      0.8366   6.611e-11       0.8366
   48      0.3055      0.8336   8.637e-11       0.8336
   49      0.3126      0.8305   1.069e-10       0.8305
   50      0.3199      0.8273   1.276e-10       0.8273
   51      0.3273      0.8242   1.485e-10       0.8242
   52       0.335       0.821   1.698e-10        0.821
   53      0.3428      0.8178   1.912e-10       0.8178
   54      0.3508      0.8145   2.129e-10       0.8145
   55      0.3589      0.8112   2.349e-10       0.8112
   56      0.3673      0.8078   2.571e-10       0.8078
   57      0.3758      0.8045   2.795e-10       0.8045
   58      0.3846       0.801   3.023e-10        0.801
   59      0.3936      0.7976   3.253e-10       0.7976
   60      0.4027      0.7941   3.485e-10       0.7941
   61      0.4121      0.7905    3.72e-10       0.7905
   62      0.4217      0.7869   3.958e-10       0.7869
   63      0.4315      0.7833   4.199e-10       0.7833
   64      0.4416      0.7797   4.443e-10       0.7797
   65      0.4519      0.7759   4.689e-10       0.7759
   66      0.4624      0.7722   4.938e-10       0.7722
   67      0.4732      0.7684    5.19e-10       0.7684
   68      0.4842      0.7646   5.445e-10       0.7646
   69      0.4955      0.7607   5.703e-10       0.7607
   70       0.507      0.7567   5.964e-10       0.7567
   71      0.5188      0.7528   6.228e-10       0.7528
   72      0.5309      0.7487   6.495e-10       0.7487
   73      0.5433      0.7447   6.765e-10       0.7447
   74      0.5559      0.7406   7.038e-10       0.7406
   75      0.5689      0.7364   7.315e-10       0.7364
   76      0.5821      0.7322   8.602e-10       0.7322
   77      0.5957      0.7279   1.016e-09       0.7279
   78      0.6095      0.7236   1.173e-09       0.7236
   79      0.6237      0.7193   1.333e-09       0.7193
   80      0.6383      0.7148   1.494e-09       0.7148
   81      0.6531      0.7104   1.657e-09       0.7104
   82      0.6683      0.7059   1.822e-09       0.7059
   83      0.6839      0.7013   1.989e-09       0.7013
   84      0.6998      0.6967   2.158e-09       0.6967
   85      0.7161       0.692   2.328e-09        0.692
   86      0.7328      0.6873   2.501e-09       0.6873
   87      0.7499      0.6825   2.676e-09       0.6825
   88      0.7674      0.6777   2.853e-09       0.6777
   89      0.7852      0.6728   3.031e-09       0.6728
   90      0.8035      0.6678   3.212e-09       0.6678
   91      0.8222      0.6628   3.395e-09       0.6628
   92      0.8414      0.6578    3.58e-09       0.6578
   93       0.861      0.6526   3.768e-09       0.6526
   94       0.881      0.6475   3.957e-09       0.6475
   95      0.9016      0.6422   4.149e-09       0.6422
   96      0.9226      0.6369   4.357e-09       0.6369
   97      0.9441      0.6315   5.132e-09       0.6315
   98      0.9661      0.6261   5.916e-09       0.6261
   99      0.9886      0.6206   6.709e-09       0.6206
  100       1.012      0.6151   7.512e-09       0.6151
  101       1.035      0.6095   8.323e-09       0.6095
  102       1.059      0.6038   9.144e-09       0.6038
  103       1.084       0.598   9.974e-09        0.598
  104       1.109      0.5922   1.081e-08       0.5922
  105       1.135      0.5863   1.166e-08       0.5863
  106       1.161      0.5804   1.252e-08       0.5804
  107       1.189      0.5744   1.339e-08       0.5744
  108       1.216      0.5683   1.427e-08       0.5683
  109       1.245      0.5621   1.516e-08       0.5621
  110       1.274      0.5559   1.606e-08       0.5559
  111       1.303      0.5496   1.697e-08       0.5496
  112       1.334      0.5432    1.79e-08       0.5432
  113       1.365      0.5367   1.938e-08       0.5367
  114       1.396      0.5302   2.232e-08       0.5302
  115       1.429      0.5236   2.529e-08       0.5236
  116       1.462      0.5169   2.829e-08       0.5169
  117       1.496      0.5102   3.133e-08       0.5102
  118       1.531      0.5034   3.441e-08       0.5034
  119       1.567      0.4964   3.752e-08       0.4964
  120       1.603      0.4894   4.067e-08       0.4894
  121       1.641      0.4824   4.385e-08       0.4824
  122       1.679      0.4752   4.707e-08       0.4752
  123       1.718       0.468   5.033e-08        0.468
  124       1.758      0.4606   5.362e-08       0.4606
  125       1.799      0.4532   5.696e-08       0.4532
  126       1.841      0.4457   6.033e-08       0.4457
  127       1.884      0.4382   6.511e-08       0.4382
  128       1.928      0.4305   7.412e-08       0.4305
  129       1.972      0.4227   8.323e-08       0.4227
  130       2.018      0.4149   9.246e-08       0.4149
  131       2.065      0.4069   1.018e-07       0.4069
  132       2.113      0.3989   1.112e-07       0.3989
  133       2.163      0.3908   1.208e-07       0.3908
  134       2.213      0.3826   1.304e-07       0.3826
  135       2.265      0.3743   1.402e-07       0.3743
  136       2.317      0.3658   1.501e-07       0.3658
  137       2.371      0.3573   1.601e-07       0.3573
  138       2.427      0.3487   1.702e-07       0.3487
  139       2.483        0.34   1.827e-07         0.34
  140       2.541      0.3312   2.062e-07       0.3312
  141         2.6      0.3223     2.3e-07       0.3223
  142       2.661      0.3133    2.54e-07       0.3133
  143       2.723      0.3042   2.783e-07       0.3042
  144       2.786      0.2949    3.03e-07       0.2949
  145       2.851      0.2856   3.279e-07       0.2856
  146       2.917      0.2762    3.53e-07       0.2762
  147       2.985      0.2666   3.785e-07       0.2666
  148       3.055      0.2569   4.043e-07       0.2569
  149       3.126      0.2472   4.304e-07       0.2472
  150       3.199      0.2373   4.723e-07       0.2373
  151       3.273      0.2273    5.26e-07       0.2273
  152        3.35      0.2172   5.804e-07       0.2172
  153       3.428      0.2069   6.353e-07       0.2069
  154       3.508      0.1966   6.909e-07       0.1966
  155       3.589      0.1861   7.472e-07       0.1861
  156       3.673      0.1755   8.041e-07       0.1755
  157       3.758      0.1648   8.617e-07       0.1648
  158       3.846      0.1539   9.199e-07       0.1539
  159       3.936      0.1429   9.856e-07       0.1429
  160       4.027      0.1318   1.092e-06       0.1318
  161       4.121      0.1206     1.2e-06       0.1206
  162       4.217      0.1149    1.31e-06       0.1149
  163       4.315      0.1147    1.42e-06       0.1147
  164       4.416      0.1144   1.532e-06       0.1144
  165       4.519      0.1142   1.645e-06       0.1142
  166       4.624      0.1139    1.76e-06       0.1139
  167       4.732      0.1137   1.875e-06       0.1137
  168       4.842      0.1134   2.036e-06       0.1134
  169       4.955      0.1132   2.223e-06       0.1132
  170        5.07      0.1129   2.412e-06       0.1129
  171       5.188      0.1127   2.603e-06       0.1127
  172       5.309      0.1124   2.796e-06       0.1124
  173       5.433      0.1122   2.992e-06       0.1122
  174       5.559      0.1119    3.19e-06       0.1119
  175       5.689      0.1116   3.391e-06       0.1116
  176       5.821      0.1114   3.659e-06       0.1114
  177       5.957      0.1111   3.938e-06       0.1111
  178       6.095      0.1108    4.22e-06       0.1108
  179       6.237      0.1105   4.506e-06       0.1105
  180       6.383      0.1102   4.795e-06       0.1102
  181       6.531        0.11   5.087e-06         0.11
  182       6.683      0.1097   5.383e-06       0.1097
  183       6.839      0.1094   5.717e-06       0.1094
  184       6.998      0.1091   6.064e-06       0.1091
  185       7.161      0.1088   6.415e-06       0.1088
  186       7.328      0.1085   6.771e-06       0.1085
  187       7.499      0.1082    7.13e-06       0.1082
  188       7.674      0.1078   7.494e-06       0.1079
  189       7.852      0.1075   7.858e-06       0.1075
  190       8.035      0.1072   8.212e-06       0.1072
  191       8.222      0.1069    8.57e-06       0.1069
  192       8.414      0.1066   8.932e-06       0.1066
  193        8.61      0.1062   9.299e-06       0.1062
  194        8.81      0.1059   9.669e-06       0.1059
  195       9.016      0.1056   1.003e-05       0.1056
  196       9.226      0.1052   1.033e-05       0.1052
  197       9.441      0.1049   1.063e-05       0.1049
  198       9.661      0.1048   1.093e-05       0.1048
  199       9.886      0.1046   1.124e-05       0.1046
  200       10.12      0.1044   1.155e-05       0.1044
  201       10.35      0.1042   1.182e-05       0.1042
  202       10.59       0.104   1.202e-05        0.104
  203       10.84      0.1039   1.222e-05       0.1039
  204       11.09      0.1037   1.243e-05       0.1037
  205       11.35      0.1035   1.264e-05       0.1035
  206       11.61      0.1033   1.284e-05       0.1033
  207       11.89      0.1031   1.294e-05       0.1031
  208       12.16      0.1029   1.304e-05       0.1029
  209       12.45      0.1027   1.314e-05       0.1027
  210       12.74      0.1025   1.325e-05       0.1025
  211       13.03      0.1023   1.335e-05       0.1023
  212       13.34      0.1021   1.336e-05       0.1021
  213       13.65      0.1019   1.338e-05       0.1019
  214       13.96      0.1017    1.34e-05       0.1017
  215       14.29      0.1014   1.342e-05       0.1015
  216       14.62      0.1012   1.341e-05       0.1012
  217       14.96       0.101   1.337e-05        0.101
  218       15.31      0.1008   1.332e-05       0.1008
  219       15.67      0.1006   1.327e-05       0.1006
  220       16.03      0.1003   1.323e-05       0.1004
  221       16.41      0.1001   1.314e-05       0.1001
  222       16.79     0.09893   1.306e-05      0.09894
  223       17.18     0.09687   1.296e-05      0.09688
  224       17.58     0.09478   1.287e-05      0.09479
  225       17.99     0.09266   1.277e-05      0.09268
  226       18.41     0.09052   1.265e-05      0.09054
  227       18.84     0.08836   1.253e-05      0.08837
  228       19.28     0.08617   1.241e-05      0.08618
  229       19.72     0.08395   1.229e-05      0.08397
  230       20.18     0.08171   1.215e-05      0.08172
  231       20.65     0.07944   1.202e-05      0.07945
  232       21.13     0.07715   1.188e-05      0.07716
  233       21.63     0.07482   1.174e-05      0.07483
  234       22.13     0.07247   1.159e-05      0.07248
  235       22.65     0.07009   1.145e-05      0.07011
  236       23.17     0.06769    1.13e-05       0.0677
  237       23.71     0.06525   1.115e-05      0.06526
  238       24.27     0.06279     1.1e-05       0.0628
  239       24.83     0.06029   1.085e-05       0.0603
  240       25.41     0.05777   1.069e-05      0.05778
  241          26     0.05571   1.054e-05      0.05572
  242       26.61     0.05477   1.039e-05      0.05478
  243       27.23     0.05382   1.023e-05      0.05383
  244       27.86     0.05286   1.008e-05      0.05287
  245       28.51     0.05189   9.931e-06       0.0519
  246       29.17      0.0509   9.777e-06      0.05091
  247       29.85      0.0499   9.627e-06      0.04991
  248       30.55     0.04889   9.477e-06       0.0489
  249       31.26     0.04787   9.325e-06      0.04788
  250       31.99     0.04684   9.176e-06      0.04685
  251       32.73     0.04579    9.03e-06       0.0458
  252        33.5     0.04473   8.882e-06      0.04474
  253       34.28     0.04366   8.736e-06      0.04367
  254       35.08     0.04258   8.594e-06      0.04259
  255       35.89     0.04148   8.449e-06      0.04149
  256       36.73     0.04037   8.309e-06      0.04038
  257       37.58     0.03939    8.17e-06      0.03939
  258       38.46     0.03846   8.031e-06      0.03847
  259       39.36     0.03753   7.896e-06      0.03753
  260       40.27     0.03658   7.763e-06      0.03659
  261       41.21     0.03562   7.628e-06      0.03563
  262       42.17     0.03465   9.813e-06      0.03466
  263       43.15     0.03367   1.213e-05      0.03368
  264       44.16     0.03267   3.408e-05      0.03271
  265       45.19     0.03167   0.0001008      0.03177
  266       46.24     0.03065   0.0001684      0.03082
  267       47.32     0.02962   0.0002404      0.02986
  268       48.42     0.02857   0.0003146      0.02889
  269       49.55     0.02752   0.0003909      0.02791
  270        50.7     0.02679   0.0004716      0.02726
  271       51.88     0.02637   0.0005533      0.02692
  272       53.09     0.02595   0.0006395      0.02659
  273       54.33     0.02552   0.0007275      0.02625
  274       55.59     0.02509   0.0008185      0.02591
  275       56.89     0.02465   0.0009126      0.02557
  276       58.21     0.02421    0.001009      0.02522
  277       59.57     0.02376    0.001108      0.02487
  278       60.95     0.02331    0.001209      0.02452
  279       62.37     0.02285    0.001315      0.02417
  280       63.83     0.02239    0.001421      0.02381
  281       65.31     0.02198    0.001531      0.02351
  282       66.83     0.02189    0.001642      0.02353
  283       68.39     0.02179    0.001756      0.02355
  284       69.98     0.02169    0.001872      0.02357
  285       71.61     0.02159     0.00199      0.02358
  286       73.28     0.02149    0.002109       0.0236
  287       74.99     0.02139    0.002231      0.02362
  288       76.74     0.02129    0.002354      0.02364
  289       78.52     0.02119    0.002478      0.02366
  290       80.35     0.02108    0.002604      0.02368
  291       82.22     0.02097     0.00273       0.0237
  292       84.14     0.02087    0.002858      0.02372
  293        86.1     0.02076    0.002986      0.02374
  294        88.1     0.02065    0.003115      0.02376
  295       90.16     0.02053    0.003244      0.02378
  296       92.26     0.02042    0.003373      0.02379
  297       94.41      0.0203    0.003502      0.02381
  298       96.61     0.02019     0.00363      0.02382
  299       98.86     0.02007    0.003759      0.02383
  300       101.2        0.02    0.003886      0.02389
  301       103.5        0.02    0.004013      0.02401
  302       105.9        0.02    0.004138      0.02414
  303       108.4        0.02    0.004262      0.02426
  304       110.9        0.02    0.004386      0.02439
  305       113.5        0.02    0.004506      0.02451
  306       116.1        0.02    0.004625      0.02462
  307       118.9        0.02    0.004743      0.02474
  308       121.6     0.01994    0.004857       0.0248
  309       124.5     0.01981    0.004969      0.02478
  310       127.4     0.01969     0.00508      0.02477
  311       130.3     0.01956    0.005186      0.02475
  312       133.4     0.01943    0.005291      0.02472
  313       136.5      0.0193    0.005394      0.02469
  314       139.6     0.01916    0.005493      0.02465
  315       142.9     0.01908    0.005589      0.02467
  316       146.2     0.01912    0.005682       0.0248
  317       149.6     0.01916    0.005774      0.02493
  318       153.1      0.0192    0.005861      0.02506
  319       156.7     0.01924    0.005946      0.02518
  320       160.3     0.01928    0.006028      0.02531
  321       164.1     0.01932    0.006108      0.02543
  322       167.9     0.01935    0.006185      0.02554
  323       171.8     0.01938     0.00626      0.02564
  324       175.8     0.01941    0.006333      0.02574
  325       179.9     0.01944    0.006403      0.02584
  326       184.1     0.01946    0.006472      0.02594
  327       188.4     0.01949     0.00654      0.02603
  328       192.8     0.01954    0.006606      0.02615
  329       197.2      0.0196     0.00667      0.02627
  330       201.8     0.01966    0.006735      0.02639
  331       206.5     0.01972    0.006798      0.02652
  332       211.3     0.01978    0.006862      0.02664
  333       216.3     0.01985    0.006925      0.02678
  334       221.3     0.01999    0.006989      0.02698
  335       226.5     0.02013    0.007054      0.02719
  336       231.7     0.02028    0.007121       0.0274
  337       237.1     0.02042    0.007188      0.02761
  338       242.7     0.02057    0.007258      0.02783
  339       248.3     0.02082     0.00733      0.02815
  340       254.1     0.02107    0.007404      0.02847
  341         260     0.02133    0.007482      0.02881
  342       266.1     0.02159    0.007562      0.02915
  343       272.3     0.02185    0.007647      0.02949
  344       278.6     0.02209    0.007735      0.02982
  345       285.1     0.02233    0.007827      0.03016
  346       291.7     0.02258    0.007924       0.0305
  347       298.5     0.02283    0.008026      0.03085
  348       305.5     0.02306    0.008133      0.03119
  349       312.6     0.02329    0.008246      0.03153
  350       319.9     0.02352    0.008363      0.03188
  351       327.3     0.02375    0.008487      0.03224
  352         335     0.02386    0.008616      0.03248
  353       342.8     0.02385    0.008751       0.0326
  354       350.8     0.02383    0.008893      0.03272
  355       358.9     0.02382     0.00904      0.03286
  356       367.3     0.02369    0.009194      0.03288
  357       375.8     0.02347    0.009354      0.03283
  358       384.6     0.02325    0.009521      0.03277
  359       393.6     0.02303    0.009693      0.03272
  360       402.7      0.0228    0.009872      0.03267
  361       412.1     0.02256     0.01006      0.03262
  362       421.7     0.02233     0.01025      0.03258
  363       431.5     0.02213     0.01045      0.03258
  364       441.6     0.02203     0.01065      0.03268
  365       451.9     0.02193     0.01086      0.03279
  366       462.4     0.02183     0.01107       0.0329
  367       473.2     0.02172     0.01129      0.03301
  368       484.2     0.02162     0.01151      0.03313
  369       495.5     0.02151     0.01174      0.03325
  370         507     0.02126     0.01197      0.03323
  371       518.8     0.02097     0.01221      0.03318
  372       530.9     0.02068     0.01245      0.03313
  373       543.3     0.02037      0.0127      0.03307
  374       555.9     0.02007     0.01294      0.03301
  375       568.9     0.01976      0.0132      0.03295
  376       582.1     0.01968     0.01345      0.03313
  377       595.7     0.01963     0.01371      0.03333
  378       609.5     0.01957     0.01396      0.03354
  379       623.7     0.01952     0.01423      0.03374
  380       638.3     0.01946     0.01449      0.03395
  381       653.1     0.01942     0.01475      0.03417
  382       668.3     0.01941     0.01502      0.03442
  383       683.9     0.01939     0.01528      0.03467
  384       699.8     0.01937     0.01555      0.03492
  385       716.1     0.01935     0.01581      0.03516
  386       732.8      0.0193     0.01608      0.03538
  387       749.9     0.01923     0.01634      0.03558
  388       767.4     0.01916     0.01661      0.03577
  389       785.2     0.01909     0.01687      0.03596
  390       803.5     0.01901     0.01714      0.03615
  391       822.2     0.01891      0.0174      0.03631
  392       841.4      0.0188     0.01766      0.03646
  393         861     0.01869     0.01792      0.03661
  394         881     0.01858     0.01817      0.03675
  395       901.6     0.01847     0.01843      0.03689
  396       922.6     0.01835     0.01868      0.03703
  397       944.1     0.01823     0.01893      0.03716
  398       966.1      0.0181     0.01918      0.03728
  399       988.6     0.01786     0.01942      0.03728
  400        1012      0.0176     0.01967      0.03727
  401        1035     0.01735      0.0199      0.03725
  402        1059     0.01708     0.02014      0.03722
  403        1084     0.01682     0.02037      0.03719
  404        1109     0.01654      0.0206      0.03715
  405        1135     0.01627     0.02083       0.0371
  406        1161     0.01611     0.02106      0.03717
  407        1189     0.01595     0.02127      0.03723
  408        1216     0.01579     0.02149      0.03728
  409        1245     0.01562      0.0217      0.03733
  410        1274     0.01546     0.02191      0.03737
  411        1303     0.01528     0.02212       0.0374
  412        1334     0.01511     0.02232      0.03743
  413        1365     0.01494     0.02252      0.03746
  414        1396     0.01476     0.02272      0.03748
  415        1429     0.01459     0.02291      0.03749
  416        1462      0.0144      0.0231       0.0375
  417        1496     0.01424     0.02328      0.03752
  418        1531     0.01412     0.02346      0.03757
  419        1567     0.01399     0.02364      0.03763
  420        1603     0.01386     0.02381      0.03767
  421        1641     0.01373     0.02398      0.03771
  422        1679     0.01359     0.02414      0.03774
  423        1718     0.01345     0.02431      0.03775
  424        1758      0.0133     0.02446      0.03776
  425        1799     0.01314     0.02462      0.03776
  426        1841     0.01299     0.02477      0.03776
  427        1884     0.01284     0.02492      0.03775
  428        1928     0.01268     0.02506      0.03775
  429        1972     0.01253      0.0252      0.03773
  430        2018     0.01237     0.02534      0.03771
  431        2065     0.01222     0.02547      0.03769
  432        2113     0.01207      0.0256      0.03768
  433        2163     0.01193     0.02573      0.03766
  434        2213     0.01178     0.02586      0.03763
  435        2265     0.01162     0.02598       0.0376
  436        2317     0.01147      0.0261      0.03756
  437        2371     0.01131     0.02621      0.03752
  438        2427     0.01115     0.02632      0.03747
  439        2483     0.01098     0.02643      0.03741
  440        2541     0.01081     0.02654      0.03734
  441        2600     0.01064     0.02664      0.03727
  442        2661     0.01046     0.02674       0.0372
  443        2723     0.01028     0.02683      0.03711
  444        2786     0.01009     0.02693      0.03702
  445        2851    0.009902     0.02702      0.03692
  446        2917    0.009709     0.02711      0.03682
  447        2985    0.009525     0.02719      0.03672
  448        3055    0.009445     0.02728      0.03672
  449        3126    0.009363     0.02736      0.03672
  450        3199     0.00928     0.02744      0.03672
  451        3273    0.009195     0.02751      0.03671
  452        3350    0.009108     0.02759       0.0367
  453        3428    0.009019     0.02766      0.03668
  454        3508    0.008928     0.02773      0.03666
  455        3589    0.008835     0.02779      0.03663
  456        3673     0.00874     0.02786       0.0366
  457        3758    0.008643     0.02792      0.03657
  458        3846    0.008544     0.02798      0.03653
  459        3936    0.008443     0.02804      0.03648
  460        4027     0.00836      0.0281      0.03646
  461        4121    0.008277     0.02815      0.03643
  462        4217    0.008192      0.0282       0.0364
  463        4315    0.008105     0.02825      0.03636
  464        4416    0.008017      0.0283      0.03632
  465        4519    0.007926     0.02835      0.03628
  466        4624    0.007834      0.0284      0.03623
  467        4732    0.007739     0.02844      0.03618
  468        4842    0.007642     0.02848      0.03612
  469        4955    0.007562     0.02852      0.03608
  470        5070    0.007527     0.02856      0.03609
  471        5188    0.007491      0.0286      0.03609
  472        5309    0.007454     0.02863      0.03609
  473        5433    0.007416     0.02867      0.03608
  474        5559    0.007377      0.0287      0.03608
  475        5689    0.007337     0.02873      0.03607
  476        5821    0.007297     0.02876      0.03606
  477        5957    0.007255     0.02879      0.03605
  478        6095    0.007213     0.02882      0.03603
  479        6237    0.007169     0.02885      0.03601
  480        6383    0.007125     0.02887        0.036
  481        6531     0.00708     0.02889      0.03597
  482        6683    0.007033     0.02892      0.03595
  483        6839    0.006986     0.02894      0.03593
  484        6998    0.006958     0.02896      0.03592
  485        7161     0.00694     0.02898      0.03592
  486        7328    0.006922       0.029      0.03592
  487        7499    0.006903     0.02902      0.03592
  488        7674    0.006884     0.02903      0.03592
  489        7852    0.006864     0.02905      0.03591
  490        8035    0.006844     0.02906      0.03591
  491        8222    0.006823     0.02908       0.0359
  492        8414    0.006802     0.02909      0.03589
  493        8610    0.006781      0.0291      0.03589
  494        8810    0.006759     0.02912      0.03588
  495        9016     0.00675     0.02913      0.03588
  496        9226    0.006747     0.02914      0.03589
  497        9441    0.006744     0.02915      0.03589
  498        9661    0.006741     0.02916       0.0359
  499        9886    0.006738     0.02917       0.0359
  500   1.012e+04    0.006735     0.02917      0.03591
  501   1.035e+04    0.006732     0.02918      0.03591
  502   1.059e+04    0.006729     0.02919      0.03591
  503   1.084e+04    0.006725     0.02919      0.03592
  504   1.109e+04    0.006722      0.0292      0.03592
  505   1.135e+04    0.006718      0.0292      0.03592
  506   1.161e+04    0.006715     0.02921      0.03592
  507   1.189e+04    0.006711     0.02921      0.03592
  508   1.216e+04    0.006707     0.02921      0.03592
  509   1.245e+04    0.006704     0.02922      0.03592
  510   1.274e+04      0.0067     0.02922      0.03592
  511   1.303e+04    0.006696     0.02922      0.03592
  512   1.334e+04    0.006692     0.02922      0.03592
  513   1.365e+04    0.006687     0.02923      0.03591
  514   1.396e+04    0.006683     0.02923      0.03591
  515   1.429e+04    0.006679     0.02923      0.03591
  516   1.462e+04    0.006674     0.02923       0.0359
  517   1.496e+04     0.00667     0.02923       0.0359
  518   1.531e+04    0.006665     0.02923      0.03589
  519   1.567e+04     0.00666     0.02923      0.03589
  520   1.603e+04    0.006655     0.02923      0.03588
  521   1.641e+04     0.00665     0.02923      0.03588
  522   1.679e+04    0.006645     0.02922      0.03587
  523   1.718e+04     0.00664     0.02922      0.03586
  524   1.758e+04    0.006634     0.02922      0.03586
  525   1.799e+04    0.006629     0.02922      0.03585
  526   1.841e+04    0.006623     0.02922      0.03584
  527   1.884e+04    0.006618     0.02922      0.03583
  528   1.928e+04    0.006612     0.02921      0.03582
  529   1.972e+04    0.006606     0.02921      0.03582
  530   2.018e+04      0.0066     0.02921      0.03581
  531   2.065e+04    0.006594      0.0292       0.0358
  532   2.113e+04    0.006588      0.0292      0.03579
  533   2.163e+04    0.006582      0.0292      0.03578
  534   2.213e+04    0.006576      0.0292      0.03577
  535   2.265e+04    0.006569     0.02919      0.03576
  536   2.317e+04    0.006562     0.02919      0.03575
  537   2.371e+04    0.006555     0.02919      0.03574
  538   2.427e+04    0.006548     0.02918      0.03573
  539   2.483e+04    0.006541     0.02918      0.03572
  540   2.541e+04    0.006534     0.02918      0.03571
  541     2.6e+04    0.006526     0.02917       0.0357
  542   2.661e+04    0.006519     0.02917      0.03569
  543   2.723e+04    0.006511     0.02916      0.03567
  544   2.786e+04    0.006503     0.02916      0.03566
  545   2.851e+04    0.006494     0.02916      0.03565
  546   2.917e+04    0.006486     0.02915      0.03564
  547   2.985e+04    0.006477     0.02915      0.03563
  548   3.055e+04    0.006468     0.02915      0.03561
  549   3.126e+04    0.006459     0.02914       0.0356
  550   3.199e+04     0.00645     0.02914      0.03559
  551   3.273e+04    0.006441     0.02913      0.03558
  552    3.35e+04    0.006431     0.02913      0.03556
  553   3.428e+04    0.006421     0.02913      0.03555
  554   3.508e+04    0.006411     0.02912      0.03553
  555   3.589e+04      0.0064     0.02912      0.03552
  556   3.673e+04     0.00639     0.02912      0.03551
  557   3.758e+04    0.006379     0.02911      0.03549
  558   3.846e+04    0.006368     0.02911      0.03548
  559   3.936e+04    0.006356     0.02911      0.03546
  560   4.027e+04    0.006345      0.0291      0.03545
  561   4.121e+04    0.006333      0.0291      0.03543
  562   4.217e+04    0.006321      0.0291      0.03542
  563   4.315e+04    0.006308     0.02909       0.0354
  564   4.416e+04    0.006295     0.02909      0.03539
  565   4.519e+04    0.006282     0.02909      0.03537
  566   4.624e+04    0.006269     0.02909      0.03536
  567   4.732e+04    0.006255     0.02908      0.03534
  568   4.842e+04    0.006241     0.02908      0.03532
  569   4.955e+04    0.006227     0.02908      0.03531
  570    5.07e+04    0.006212     0.02908      0.03529
  571   5.188e+04    0.006197     0.02908      0.03527
  572   5.309e+04    0.006182     0.02907      0.03526
  573   5.433e+04    0.006166     0.02907      0.03524
  574   5.559e+04     0.00615     0.02907      0.03522
  575   5.689e+04    0.006133     0.02907       0.0352
  576   5.821e+04    0.006116     0.02907      0.03518
  577   5.957e+04    0.006099     0.02907      0.03517
  578   6.095e+04    0.006082     0.02907      0.03515
  579   6.237e+04    0.006063     0.02906      0.03513
  580   6.383e+04    0.006045     0.02906      0.03511
  581   6.531e+04    0.006026     0.02906      0.03509
  582   6.683e+04    0.006007     0.02906      0.03507
  583   6.839e+04    0.005987     0.02906      0.03505
  584   6.998e+04    0.005967     0.02906      0.03503
  585   7.161e+04    0.005946     0.02906      0.03501
  586   7.328e+04    0.005925     0.02906      0.03499
  587   7.499e+04    0.005903     0.02906      0.03497
  588   7.674e+04    0.005881     0.02907      0.03495
  589   7.852e+04    0.005858     0.02907      0.03492
  590   8.035e+04    0.005835     0.02907       0.0349
  591   8.222e+04    0.005811     0.02907      0.03488
  592   8.414e+04    0.005787     0.02907      0.03486
  593    8.61e+04    0.005762     0.02907      0.03483
  594    8.81e+04    0.005736     0.02907      0.03481
  595   9.016e+04     0.00571     0.02908      0.03479
  596   9.226e+04    0.005683     0.02908      0.03476
  597   9.441e+04    0.005656     0.02908      0.03474
  598   9.661e+04    0.005628     0.02908      0.03471
  599   9.886e+04      0.0056     0.02909      0.03469
  600   1.012e+05    0.005615     0.02909      0.03471
  601   1.035e+05    0.005631     0.02909      0.03472
  602   1.059e+05    0.005646      0.0291      0.03474
  603   1.084e+05    0.005661      0.0291      0.03476
  604   1.109e+05    0.005677     0.02911      0.03478
  605   1.135e+05    0.005692     0.02911       0.0348
  606   1.161e+05    0.005707     0.02911      0.03482
  607   1.189e+05    0.005723     0.02912      0.03484
  608   1.216e+05    0.005738     0.02912      0.03486
  609   1.245e+05    0.005754     0.02913      0.03488
  610   1.274e+05    0.005769     0.02914       0.0349
  611   1.303e+05    0.005785     0.02914      0.03493
  612   1.334e+05    0.005801     0.02915      0.03495
  613   1.365e+05    0.005817     0.02915      0.03497
  614   1.396e+05    0.005832     0.02916      0.03499
  615   1.429e+05    0.005848     0.02917      0.03502
  616   1.462e+05    0.005864     0.02917      0.03504
  617   1.496e+05     0.00588     0.02918      0.03506
  618   1.531e+05    0.005896     0.02919      0.03509
  619   1.567e+05    0.005912      0.0292      0.03511
  620   1.603e+05    0.005929     0.02921      0.03513
  621   1.641e+05    0.005945     0.02921      0.03516
  622   1.679e+05    0.005961     0.02922      0.03518
  623   1.718e+05    0.005977     0.02923      0.03521
  624   1.758e+05    0.005994     0.02924      0.03524
  625   1.799e+05     0.00601     0.02925      0.03526
  626   1.841e+05    0.006027     0.02926      0.03529
  627   1.884e+05    0.006044     0.02927      0.03532
  628   1.928e+05     0.00606     0.02928      0.03534
  629   1.972e+05    0.006077     0.02929      0.03537
  630   2.018e+05    0.006094      0.0293       0.0354
  631   2.065e+05    0.006111     0.02932      0.03543
  632   2.113e+05    0.006128     0.02933      0.03546
  633   2.163e+05    0.006145     0.02934      0.03548
  634   2.213e+05    0.006162     0.02935      0.03551
  635   2.265e+05     0.00618     0.02936      0.03554
  636   2.317e+05    0.006197     0.02938      0.03557
  637   2.371e+05    0.006215     0.02939       0.0356
  638   2.427e+05    0.006232      0.0294      0.03564
  639   2.483e+05     0.00625     0.02942      0.03567
  640   2.541e+05    0.006268     0.02943       0.0357
  641     2.6e+05    0.006286     0.02945      0.03573
  642   2.661e+05    0.006304     0.02946      0.03576
  643   2.723e+05    0.006322     0.02948       0.0358
  644   2.786e+05     0.00634     0.02949      0.03583
  645   2.851e+05    0.006358     0.02951      0.03587
  646   2.917e+05    0.006377     0.02952       0.0359
  647   2.985e+05    0.006395     0.02954      0.03594
  648   3.055e+05    0.006414     0.02956      0.03597
  649   3.126e+05    0.006433     0.02957      0.03601
  650   3.199e+05    0.006452     0.02959      0.03604
  651   3.273e+05    0.006471     0.02961      0.03608
  652    3.35e+05     0.00649     0.02963      0.03612
  653   3.428e+05    0.006509     0.02965      0.03616
  654   3.508e+05    0.006529     0.02967      0.03619
  655   3.589e+05    0.006548     0.02968      0.03623
  656   3.673e+05    0.006568      0.0297      0.03627
  657   3.758e+05    0.006588     0.02972      0.03631
  658   3.846e+05    0.006608     0.02974      0.03635
  659   3.936e+05    0.006628     0.02977      0.03639
  660   4.027e+05    0.006649     0.02979      0.03643
  661   4.121e+05    0.006669     0.02981      0.03648
  662   4.217e+05     0.00669     0.02983      0.03652
  663   4.315e+05    0.006711     0.02985      0.03656
  664   4.416e+05    0.006732     0.02987      0.03661
  665   4.519e+05    0.006754      0.0299      0.03665
  666   4.624e+05    0.006775     0.02992      0.03669
  667   4.732e+05    0.006797     0.02994      0.03674
  668   4.842e+05    0.006819     0.02997      0.03679
  669   4.955e+05    0.006841     0.02999      0.03683
  670    5.07e+05    0.006863     0.03002      0.03688
  671   5.188e+05    0.006885     0.03004      0.03693
  672   5.309e+05    0.006908     0.03007      0.03697
  673   5.433e+05    0.006931     0.03009      0.03702
  674   5.559e+05    0.006954     0.03012      0.03707
  675   5.689e+05    0.006978     0.03014      0.03712
  676   5.821e+05    0.007001     0.03017      0.03717
  677   5.957e+05    0.007025      0.0302      0.03722
  678   6.095e+05     0.00705     0.03023      0.03728
  679   6.237e+05    0.007074     0.03025      0.03733
  680   6.383e+05    0.007099     0.03028      0.03738
  681   6.531e+05    0.007124     0.03031      0.03744
  682   6.683e+05    0.007149     0.03034      0.03749
  683   6.839e+05    0.007174     0.03037      0.03755
  684   6.998e+05      0.0072      0.0304       0.0376
  685   7.161e+05    0.007226     0.03043      0.03766
  686   7.328e+05    0.007253     0.03046      0.03771
  687   7.499e+05     0.00728     0.03049      0.03777
  688   7.674e+05    0.007307     0.03052      0.03783
  689   7.852e+05    0.007334     0.03056      0.03789
  690   8.035e+05    0.007362     0.03059      0.03795
  691   8.222e+05     0.00739     0.03062      0.03801
  692   8.414e+05    0.007419     0.03065      0.03807
  693    8.61e+05    0.007447     0.03069      0.03814
  694    8.81e+05    0.007477     0.03072       0.0382
  695   9.016e+05    0.007506     0.03076      0.03826
  696   9.226e+05    0.007536     0.03079      0.03833
  697   9.441e+05    0.007567     0.03083      0.03839
  698   9.661e+05    0.007598     0.03086      0.03846
  699   9.886e+05    0.007629      0.0309      0.03853
  700   1.012e+06    0.007661     0.03093      0.03859
  701   1.035e+06    0.007693     0.03097      0.03866
  702   1.059e+06    0.007726     0.03101      0.03873
  703   1.084e+06    0.007759     0.03105       0.0388
  704   1.109e+06    0.007792     0.03108      0.03888
  705   1.135e+06    0.007826     0.03112      0.03895
  706   1.161e+06    0.007861     0.03116      0.03902
  707   1.189e+06    0.007896      0.0312       0.0391
  708   1.216e+06    0.007932     0.03124      0.03917
  709   1.245e+06    0.007968     0.03128      0.03925
  710   1.274e+06    0.008005     0.03132      0.03932
  711   1.303e+06    0.008042     0.03136       0.0394
  712   1.334e+06     0.00808      0.0314      0.03948
  713   1.365e+06    0.008119     0.03144      0.03956
  714   1.396e+06    0.008158     0.03148      0.03964
  715   1.429e+06    0.008198     0.03153      0.03972
  716   1.462e+06    0.008238     0.03157      0.03981
  717   1.496e+06    0.008279     0.03161      0.03989
  718   1.531e+06    0.008321     0.03166      0.03998
  719   1.567e+06    0.008363      0.0317      0.04006
  720   1.603e+06    0.008407     0.03174      0.04015
  721   1.641e+06    0.008451     0.03179      0.04024
  722   1.679e+06    0.008495     0.03183      0.04033
  723   1.718e+06    0.008541     0.03188      0.04042
  724   1.758e+06    0.008587     0.03193      0.04051
  725   1.799e+06    0.008634     0.03197      0.04061
  726   1.841e+06    0.008682     0.03202       0.0407
  727   1.884e+06    0.008731     0.03207       0.0408
  728   1.928e+06    0.008781     0.03211      0.04089
  729   1.972e+06    0.008831     0.03216      0.04099
  730   2.018e+06    0.008883     0.03221      0.04109
  731   2.065e+06    0.008935     0.03226      0.04119
  732   2.113e+06    0.008989     0.03231       0.0413
  733   2.163e+06    0.009043     0.03236       0.0414
  734   2.213e+06    0.009098     0.03241      0.04151
  735   2.265e+06    0.009155     0.03246      0.04161
  736   2.317e+06    0.009212     0.03251      0.04172
  737   2.371e+06    0.009271     0.03256      0.04183
  738   2.427e+06    0.009331     0.03261      0.04194
  739   2.483e+06    0.009392     0.03266      0.04206
  740   2.541e+06    0.009454     0.03272      0.04217
  741     2.6e+06    0.009517     0.03277      0.04229
  742   2.661e+06    0.009582     0.03282       0.0424
  743   2.723e+06    0.009647     0.03288      0.04252
  744   2.786e+06    0.009715     0.03293      0.04264
  745   2.851e+06    0.009783     0.03298      0.04277
  746   2.917e+06    0.009853     0.03304      0.04289
  747   2.985e+06    0.009924     0.03309      0.04302
  748   3.055e+06    0.009997     0.03315      0.04315
  749   3.126e+06     0.01007     0.03321      0.04328
  750   3.199e+06     0.01015     0.03326      0.04341
  751   3.273e+06     0.01022     0.03332      0.04354
  752    3.35e+06      0.0103     0.03338      0.04368
  753   3.428e+06     0.01038     0.03343      0.04382
  754   3.508e+06     0.01046     0.03349      0.04396
  755   3.589e+06     0.01055     0.03355       0.0441
  756   3.673e+06     0.01063     0.03361      0.04424
  757   3.758e+06     0.01072     0.03367      0.04439
  758   3.846e+06     0.01081     0.03373      0.04454
  759   3.936e+06      0.0109     0.03379      0.04469
  760   4.027e+06     0.01099     0.03385      0.04484
  761   4.121e+06     0.01109     0.03391      0.04499
  762   4.217e+06     0.01119     0.03397      0.04515
  763   4.315e+06     0.01128     0.03403      0.04531
  764   4.416e+06     0.01139     0.03409      0.04548
  765   4.519e+06     0.01149     0.03415      0.04564
  766   4.624e+06     0.01159     0.03421      0.04581
  767   4.732e+06      0.0117     0.03428      0.04598
  768   4.842e+06     0.01181     0.03434      0.04615
  769   4.955e+06     0.01193      0.0344      0.04633
  770    5.07e+06     0.01204     0.03447      0.04651
  771   5.188e+06     0.01216     0.03453      0.04669
  772   5.309e+06     0.01228      0.0346      0.04687
  773   5.433e+06      0.0124     0.03466      0.04706
  774   5.559e+06     0.01253     0.03473      0.04725
  775   5.689e+06     0.01265     0.03479      0.04745
  776   5.821e+06     0.01279     0.03486      0.04764
  777   5.957e+06     0.01292     0.03492      0.04784
  778   6.095e+06     0.01306     0.03499      0.04805
  779   6.237e+06      0.0132     0.03506      0.04825
  780   6.383e+06     0.01334     0.03512      0.04846
  781   6.531e+06     0.01349     0.03519      0.04868
  782   6.683e+06     0.01364     0.03526       0.0489
  783   6.839e+06     0.01379     0.03533      0.04912
  784   6.998e+06     0.01395      0.0354      0.04934
  785   7.161e+06     0.01411     0.03547      0.04957
  786   7.328e+06     0.01427     0.03554      0.04981
  787   7.499e+06     0.01444     0.03561      0.05004
  788   7.674e+06     0.01461     0.03568      0.05029
  789   7.852e+06     0.01479     0.03575      0.05053
  790   8.035e+06     0.01496     0.03582      0.05078
  791   8.222e+06     0.01515     0.03589      0.05104
  792   8.414e+06     0.01534     0.03596       0.0513
  793    8.61e+06     0.01553     0.03603      0.05156
  794    8.81e+06     0.01572      0.0361      0.05183
  795   9.016e+06     0.01593     0.03618       0.0521
  796   9.226e+06     0.01613     0.03625      0.05238
  797   9.441e+06     0.01634     0.03632      0.05266
  798   9.661e+06     0.01656      0.0364      0.05295
  799   9.886e+06     0.01678     0.03647      0.05325
-------------------------------------------------------------
