 Incident particle is a   Muon with M =   105.65839 MeV
 Index =   18:  argon gas (Ar)
     Absorber with Z =  18,  A = 39.948(1), density = $ 1.662 \times10^{- 3}$          
 Sternheimer coef:  a     k=m_s   x_0    x_1    I[eV]   Cbar  delta0 
                 0.1971  2.9618  1.7635  4.4855  188.0 11.9480 0.00
 (Restricted energy loss for Tcut = 0.05 MeV
 Table written with (1X, 1P9E10.3,0PF8.4,f8.5,1pE10.3)          post-Born included in pair prod
 *** Results below 10 MeV are not dependable ***
      T         p     Ionization  brems     pair     photonuc  Radloss    dE/dx   CSDA Range  delta   beta   dE/dx_R
    [MeV]    [MeV/c]  -----------------------[MeV cm^2/g]------------------------  [g/cm^2]                [MeV cm^2/g]
  1.000E+00 1.457E+01 2.879E+00 0.000E+00 0.000E+00 4.526E-05 4.526E-05 5.759E+00 2.905E-03  0.0000 0.13661 3.355E+01
  1.200E+00 1.597E+01 2.920E+01 0.000E+00 0.000E+00 4.534E-05 4.534E-05 2.920E+01 9.312E-03  0.0000 0.14944 2.920E+01
  1.400E+00 1.726E+01 2.595E+01 0.000E+00 0.000E+00 4.542E-05 4.542E-05 2.595E+01 1.659E-02  0.0000 0.16119 2.595E+01
  1.700E+00 1.903E+01 2.234E+01 0.000E+00 0.000E+00 4.555E-05 4.555E-05 2.234E+01 2.909E-02  0.0000 0.17725 2.234E+01
  2.000E+00 2.066E+01 1.970E+01 0.000E+00 0.000E+00 4.568E-05 4.568E-05 1.970E+01 4.343E-02  0.0000 0.19186 1.970E+01
  2.500E+00 2.312E+01 1.655E+01 0.000E+00 0.000E+00 4.589E-05 4.589E-05 1.655E+01 7.124E-02  0.0000 0.21376 1.655E+01
  3.000E+00 2.536E+01 1.435E+01 0.000E+00 0.000E+00 4.610E-05 4.610E-05 1.435E+01 1.038E-01  0.0000 0.23336 1.417E+01
  3.500E+00 2.742E+01 1.272E+01 0.000E+00 0.000E+00 4.632E-05 4.632E-05 1.272E+01 1.409E-01  0.0000 0.25120 1.240E+01
  4.000E+00 2.935E+01 1.146E+01 0.000E+00 0.000E+00 4.653E-05 4.653E-05 1.146E+01 1.823E-01  0.0000 0.26763 1.106E+01
  4.500E+00 3.116E+01 1.046E+01 0.000E+00 0.000E+00 4.674E-05 4.674E-05 1.046E+01 2.280E-01  0.0000 0.28290 9.998E+00
  5.000E+00 3.289E+01 9.635E+00 0.000E+00 0.000E+00 4.695E-05 4.695E-05 9.635E+00 2.779E-01  0.0000 0.29720 9.141E+00
  5.500E+00 3.453E+01 8.949E+00 0.000E+00 0.000E+00 4.716E-05 4.716E-05 8.949E+00 3.318E-01  0.0000 0.31066 8.434E+00
  6.000E+00 3.611E+01 8.368E+00 0.000E+00 0.000E+00 4.738E-05 4.738E-05 8.368E+00 3.896E-01  0.0000 0.32339 7.839E+00
  7.000E+00 3.909E+01 7.435E+00 0.000E+00 0.000E+00 4.780E-05 4.780E-05 7.435E+00 5.167E-01  0.0000 0.34700 6.894E+00
  8.000E+00 4.189E+01 6.719E+00 0.000E+00 0.000E+00 4.823E-05 4.823E-05 6.719E+00 6.584E-01  0.0000 0.36854 6.177E+00
  9.000E+00 4.453E+01 6.150E+00 0.000E+00 0.000E+00 4.865E-05 4.865E-05 6.150E+00 8.142E-01  0.0000 0.38836 5.613E+00
  1.000E+01 4.704E+01 5.687E+00 0.000E+00 0.000E+00 4.907E-05 4.907E-05 5.687E+00 9.834E-01  0.0000 0.40675 5.159E+00
  1.200E+01 5.177E+01 4.979E+00 0.000E+00 0.000E+00 4.992E-05 4.992E-05 4.979E+00 1.360E+00  0.0000 0.43998 4.469E+00
  1.400E+01 5.616E+01 4.461E+00 0.000E+00 0.000E+00 5.077E-05 5.077E-05 4.461E+00 1.786E+00  0.0000 0.46937 3.971E+00
  1.700E+01 6.230E+01 3.901E+00 0.000E+00 0.000E+00 5.204E-05 5.204E-05 3.902E+00 2.507E+00  0.0000 0.50792 3.438E+00
  2.000E+01 6.802E+01 3.502E+00 0.000E+00 0.000E+00 5.332E-05 5.332E-05 3.502E+00 3.321E+00  0.0000 0.54129 3.061E+00
  2.500E+01 7.686E+01 3.042E+00 0.000E+00 0.000E+00 5.544E-05 5.544E-05 3.042E+00 4.859E+00  0.0000 0.58827 2.631E+00
  3.000E+01 8.509E+01 2.731E+00 0.000E+00 0.000E+00 5.756E-05 5.756E-05 2.731E+00 6.598E+00  0.0000 0.62720 2.343E+00
  3.500E+01 9.285E+01 2.508E+00 0.000E+00 0.000E+00 5.968E-05 5.968E-05 2.508E+00 8.512E+00  0.0000 0.66011 2.136E+00
  4.000E+01 1.003E+02 2.340E+00 0.000E+00 0.000E+00 6.180E-05 6.180E-05 2.340E+00 1.058E+01  0.0000 0.68834 1.982E+00
  4.500E+01 1.074E+02 2.210E+00 0.000E+00 0.000E+00 6.392E-05 6.392E-05 2.210E+00 1.278E+01  0.0000 0.71286 1.862E+00
  5.000E+01 1.143E+02 2.107E+00 0.000E+00 0.000E+00 6.605E-05 6.605E-05 2.107E+00 1.510E+01  0.0000 0.73434 1.767E+00
  5.500E+01 1.210E+02 2.023E+00 3.229E-07 0.000E+00 6.817E-05 6.849E-05 2.023E+00 1.752E+01  0.0000 0.75332 1.690E+00
  6.000E+01 1.276E+02 1.954E+00 1.490E-06 0.000E+00 7.029E-05 7.178E-05 1.954E+00 2.004E+01  0.0000 0.77019 1.626E+00
  7.000E+01 1.403E+02 1.848E+00 3.928E-06 0.000E+00 7.453E-05 7.846E-05 1.848E+00 2.531E+01  0.0000 0.79887 1.528E+00
  8.000E+01 1.527E+02 1.771E+00 6.495E-06 0.000E+00 7.877E-05 8.527E-05 1.771E+00 3.084E+01  0.0000 0.82227 1.456E+00
  9.000E+01 1.647E+02 1.713E+00 9.185E-06 0.000E+00 8.302E-05 9.220E-05 1.713E+00 3.659E+01  0.0000 0.84166 1.401E+00
  1.000E+02 1.764E+02 1.670E+00 1.199E-05 0.000E+00 8.726E-05 9.925E-05 1.670E+00 4.250E+01  0.0000 0.85794 1.359E+00
  1.200E+02 1.994E+02 1.609E+00 1.793E-05 0.000E+00 9.575E-05 1.137E-04 1.609E+00 5.472E+01  0.0000 0.88361 1.299E+00
  1.400E+02 2.218E+02 1.572E+00 2.428E-05 0.000E+00 1.042E-04 1.285E-04 1.572E+00 6.731E+01  0.0000 0.90278 1.260E+00
  1.700E+02 2.546E+02 1.540E+00 3.448E-05 0.000E+00 1.170E-04 1.514E-04 1.540E+00 8.661E+01  0.0000 0.92363 1.223E+00
  2.000E+02 2.868E+02 1.525E+00 4.544E-05 0.000E+00 1.297E-04 1.751E-04 1.526E+00 1.062E+02  0.0000 0.93835 1.202E+00
  2.423E+02 3.316E+02 1.519E+00 6.515E-05 0.000E+00 1.509E-04 2.161E-04 1.520E+00  Minimum ionization
  2.500E+02 3.396E+02 1.520E+00 6.515E-05 0.000E+00 1.509E-04 2.161E-04 1.520E+00 1.391E+02  0.0000 0.95485 1.184E+00
  3.000E+02 3.917E+02 1.525E+00 8.648E-05 0.000E+00 1.721E-04 2.586E-04 1.526E+00 1.719E+02  0.0000 0.96548 1.178E+00
  3.500E+02 4.432E+02 1.537E+00 1.092E-04 0.000E+00 1.933E-04 3.025E-04 1.537E+00 2.046E+02  0.0000 0.97274 1.177E+00
  4.000E+02 4.945E+02 1.551E+00 1.332E-04 0.000E+00 2.146E-04 3.477E-04 1.551E+00 2.369E+02  0.0000 0.97793 1.180E+00
  4.500E+02 5.455E+02 1.565E+00 1.583E-04 0.000E+00 2.358E-04 3.941E-04 1.566E+00 2.690E+02  0.0000 0.98176 1.184E+00
  5.000E+02 5.964E+02 1.581E+00 1.845E-04 0.000E+00 2.570E-04 4.414E-04 1.581E+00 3.008E+02  0.0000 0.98467 1.190E+00
  5.500E+02 6.471E+02 1.596E+00 2.115E-04 0.000E+00 2.782E-04 4.897E-04 1.596E+00 3.323E+02  0.0000 0.98693 1.196E+00
  6.000E+02 6.977E+02 1.611E+00 2.395E-04 0.000E+00 2.994E-04 5.389E-04 1.611E+00 3.635E+02  0.0000 0.98873 1.202E+00
  7.000E+02 7.987E+02 1.639E+00 2.978E-04 0.000E+00 3.418E-04 6.396E-04 1.640E+00 4.250E+02  0.0000 0.99136 1.214E+00
  8.000E+02 8.995E+02 1.666E+00 3.589E-04 0.000E+00 3.843E-04 7.432E-04 1.667E+00 4.854E+02  0.0000 0.99317 1.226E+00
  9.000E+02 1.000E+03 1.691E+00 4.225E-04 0.000E+00 4.267E-04 8.492E-04 1.691E+00 5.450E+02  0.0000 0.99447 1.237E+00
  1.000E+03 1.101E+03 1.714E+00 4.884E-04 1.833E-05 4.691E-04 9.759E-04 1.715E+00 6.037E+02  0.0000 0.99542 1.248E+00
  1.200E+03 1.301E+03 1.755E+00 6.263E-04 1.159E-04 5.540E-04 1.296E-03 1.756E+00 7.189E+02  0.0000 0.99672 1.268E+00
  1.400E+03 1.502E+03 1.791E+00 7.712E-04 2.268E-04 6.389E-04 1.637E-03 1.793E+00 8.316E+02  0.0000 0.99753 1.286E+00
  1.700E+03 1.803E+03 1.838E+00 9.996E-04 4.144E-04 7.661E-04 2.180E-03 1.840E+00 9.968E+02  0.0000 0.99829 1.309E+00
  2.000E+03 2.103E+03 1.878E+00 1.239E-03 6.238E-04 8.967E-04 2.760E-03 1.881E+00 1.158E+03  0.0000 0.99874 1.329E+00
  2.500E+03 2.604E+03 1.934E+00 1.660E-03 1.013E-03 1.126E-03 3.800E-03 1.938E+00 1.420E+03  0.0000 0.99918 1.358E+00
  3.000E+03 3.104E+03 1.980E+00 2.103E-03 1.444E-03 1.359E-03 4.906E-03 1.985E+00 1.675E+03  0.0000 0.99942 1.381E+00
  3.500E+03 3.604E+03 2.020E+00 2.565E-03 1.910E-03 1.594E-03 6.068E-03 2.026E+00 1.924E+03  0.0000 0.99957 1.402E+00
  4.000E+03 4.104E+03 2.054E+00 3.042E-03 2.407E-03 1.831E-03 7.279E-03 2.061E+00 2.168E+03  0.0000 0.99967 1.419E+00
  4.500E+03 4.604E+03 2.084E+00 3.533E-03 2.929E-03 2.069E-03 8.532E-03 2.093E+00 2.409E+03  0.0000 0.99974 1.435E+00
  5.000E+03 5.105E+03 2.111E+00 4.038E-03 3.478E-03 2.305E-03 9.821E-03 2.121E+00 2.647E+03  0.0000 0.99979 1.449E+00
  5.500E+03 5.605E+03 2.136E+00 4.562E-03 4.058E-03 2.523E-03 1.114E-02 2.147E+00 2.881E+03  0.0000 0.99982 1.462E+00
  6.000E+03 6.105E+03 2.158E+00 5.097E-03 4.658E-03 2.740E-03 1.249E-02 2.170E+00 3.112E+03  0.0000 0.99985 1.474E+00
  7.000E+03 7.105E+03 2.195E+00 6.196E-03 5.912E-03 3.171E-03 1.528E-02 2.210E+00 3.569E+03  0.0344 0.99989 1.492E+00
  8.000E+03 8.105E+03 2.226E+00 7.329E-03 7.232E-03 3.601E-03 1.816E-02 2.244E+00 4.018E+03  0.0753 0.99992 1.508E+00
  9.000E+03 9.105E+03 2.253E+00 8.493E-03 8.607E-03 4.029E-03 2.113E-02 2.274E+00 4.460E+03  0.1192 0.99993 1.521E+00
  1.000E+04 1.011E+04 2.277E+00 9.685E-03 1.004E-02 4.454E-03 2.417E-02 2.301E+00 4.897E+03  0.1647 0.99995 1.532E+00
  1.200E+04 1.211E+04 2.316E+00 1.216E-02 1.307E-02 5.279E-03 3.050E-02 2.347E+00 5.758E+03  0.2569 0.99996 1.550E+00
  1.400E+04 1.411E+04 2.349E+00 1.471E-02 1.627E-02 6.095E-03 3.707E-02 2.386E+00 6.603E+03  0.3479 0.99997 1.565E+00
  1.700E+04 1.711E+04 2.388E+00 1.867E-02 2.131E-02 7.306E-03 4.729E-02 2.435E+00 7.847E+03  0.4791 0.99998 1.583E+00
  2.000E+04 2.011E+04 2.420E+00 2.277E-02 2.661E-02 8.504E-03 5.788E-02 2.477E+00 9.068E+03  0.6027 0.99999 1.597E+00
  2.500E+04 2.511E+04 2.461E+00 2.985E-02 3.611E-02 1.050E-02 7.646E-02 2.538E+00 1.106E+04  0.7922 0.99999 1.614E+00
  3.000E+04 3.011E+04 2.494E+00 3.719E-02 4.614E-02 1.247E-02 9.580E-02 2.589E+00 1.301E+04  0.9634 0.99999 1.628E+00
  3.500E+04 3.511E+04 2.520E+00 4.473E-02 5.660E-02 1.443E-02 1.158E-01 2.636E+00 1.493E+04  1.1193 1.00000 1.638E+00
  4.000E+04 4.011E+04 2.542E+00 5.246E-02 6.743E-02 1.637E-02 1.363E-01 2.678E+00 1.681E+04  1.2623 1.00000 1.647E+00
  4.500E+04 4.511E+04 2.561E+00 6.035E-02 7.858E-02 1.829E-02 1.572E-01 2.718E+00 1.866E+04  1.3945 1.00000 1.654E+00
  5.000E+04 5.011E+04 2.577E+00 6.837E-02 9.001E-02 2.021E-02 1.786E-01 2.756E+00 2.049E+04  1.5172 1.00000 1.660E+00
  5.500E+04 5.511E+04 2.592E+00 7.648E-02 1.015E-01 2.215E-02 2.001E-01 2.792E+00 2.229E+04  1.6320 1.00000 1.665E+00
  6.000E+04 6.011E+04 2.605E+00 8.469E-02 1.132E-01 2.409E-02 2.219E-01 2.827E+00 2.407E+04  1.7397 1.00000 1.669E+00
  7.000E+04 7.011E+04 2.628E+00 1.014E-01 1.371E-01 2.795E-02 2.664E-01 2.894E+00 2.756E+04  1.9374 1.00000 1.677E+00
  8.000E+04 8.011E+04 2.647E+00 1.185E-01 1.617E-01 3.178E-02 3.119E-01 2.959E+00 3.098E+04  2.1154 1.00000 1.683E+00
  9.000E+04 9.011E+04 2.663E+00 1.359E-01 1.869E-01 3.560E-02 3.583E-01 3.021E+00 3.433E+04  2.2774 1.00000 1.688E+00
  1.000E+05 1.001E+05 2.677E+00 1.535E-01 2.126E-01 3.941E-02 4.055E-01 3.083E+00 3.760E+04  2.4263 1.00000 1.693E+00
  1.200E+05 1.201E+05 2.701E+00 1.891E-01 2.646E-01 4.714E-02 5.009E-01 3.202E+00 4.397E+04  2.6923 1.00000 1.699E+00
  1.400E+05 1.401E+05 2.721E+00 2.256E-01 3.181E-01 5.484E-02 5.985E-01 3.319E+00 5.010E+04  2.9251 1.00000 1.705E+00
  1.700E+05 1.701E+05 2.745E+00 2.814E-01 4.006E-01 6.636E-02 7.483E-01 3.493E+00 5.891E+04  3.2282 1.00000 1.710E+00
  2.000E+05 2.001E+05 2.764E+00 3.384E-01 4.853E-01 7.784E-02 9.016E-01 3.666E+00 6.729E+04  3.4899 1.00000 1.715E+00
  2.500E+05 2.501E+05 2.790E+00 4.341E-01 6.243E-01 9.727E-02 1.156E+00 3.946E+00 8.044E+04  3.8603 1.00000 1.720E+00
  3.000E+05 3.001E+05 2.810E+00 5.318E-01 7.663E-01 1.167E-01 1.415E+00 4.225E+00 9.268E+04  4.1719 1.00000 1.724E+00
  3.500E+05 3.501E+05 2.827E+00 6.312E-01 9.111E-01 1.361E-01 1.678E+00 4.506E+00 1.041E+05  4.4411 1.00000 1.726E+00
  4.000E+05 4.001E+05 2.842E+00 7.320E-01 1.058E+00 1.556E-01 1.946E+00 4.787E+00 1.149E+05  4.6783 1.00000 1.728E+00
  4.500E+05 4.501E+05 2.854E+00 8.341E-01 1.207E+00 1.750E-01 2.216E+00 5.070E+00 1.251E+05  4.8905 1.00000 1.730E+00
  5.000E+05 5.001E+05 2.865E+00 9.373E-01 1.358E+00 1.944E-01 2.489E+00 5.355E+00 1.346E+05  5.0825 1.00000 1.731E+00
  5.500E+05 5.501E+05 2.875E+00 1.040E+00 1.506E+00 2.143E-01 2.759E+00 5.635E+00 1.437E+05  5.2579 1.00000 1.732E+00
  5.722E+05 5.723E+05 2.879E+00 1.085E+00 1.571E+00 2.231E-01 2.880E+00 5.759E+00  Muon critical energy       
  6.000E+05 6.001E+05 2.884E+00 1.143E+00 1.654E+00 2.343E-01 3.031E+00 5.916E+00 1.524E+05  5.4193 1.00000 1.733E+00
  7.000E+05 7.001E+05 2.900E+00 1.351E+00 1.955E+00 2.743E-01 3.580E+00 6.480E+00 1.686E+05  5.7082 1.00000 1.735E+00
  8.000E+05 8.001E+05 2.913E+00 1.562E+00 2.259E+00 3.144E-01 4.135E+00 7.048E+00 1.833E+05  5.9614 1.00000 1.736E+00
  9.000E+05 9.001E+05 2.925E+00 1.774E+00 2.565E+00 3.547E-01 4.694E+00 7.619E+00 1.970E+05  6.1866 1.00000 1.736E+00
  1.000E+06 1.000E+06 2.935E+00 1.989E+00 2.875E+00 3.950E-01 5.258E+00 8.194E+00 2.096E+05  6.3895 1.00000 1.737E+00
  1.200E+06 1.200E+06 2.953E+00 2.415E+00 3.487E+00 4.773E-01 6.380E+00 9.333E+00 2.325E+05  6.7436 1.00000 1.738E+00
  1.400E+06 1.400E+06 2.969E+00 2.847E+00 4.105E+00 5.600E-01 7.511E+00 1.048E+01 2.527E+05  7.0455 1.00000 1.738E+00
  1.700E+06 1.700E+06 2.988E+00 3.501E+00 5.040E+00 6.848E-01 9.226E+00 1.221E+01 2.792E+05  7.4285 1.00000 1.738E+00
  2.000E+06 2.000E+06 3.003E+00 4.161E+00 5.985E+00 8.104E-01 1.096E+01 1.396E+01 3.022E+05  7.7509 1.00000 1.739E+00
  2.500E+06 2.500E+06 3.025E+00 5.256E+00 7.542E+00 1.024E+00 1.382E+01 1.685E+01 3.347E+05  8.1956 1.00000 1.739E+00
  3.000E+06 3.000E+06 3.043E+00 6.360E+00 9.110E+00 1.240E+00 1.671E+01 1.975E+01 3.621E+05  8.5599 1.00000 1.739E+00
  3.500E+06 3.500E+06 3.058E+00 7.473E+00 1.069E+01 1.458E+00 1.962E+01 2.268E+01 3.857E+05  8.8682 1.00000 1.739E+00
  4.000E+06 4.000E+06 3.071E+00 8.592E+00 1.227E+01 1.677E+00 2.254E+01 2.561E+01 4.064E+05  9.1352 1.00000 1.739E+00
  4.500E+06 4.500E+06 3.083E+00 9.717E+00 1.386E+01 1.898E+00 2.548E+01 2.856E+01 4.249E+05  9.3708 1.00000 1.739E+00
  5.000E+06 5.000E+06 3.094E+00 1.085E+01 1.546E+01 2.120E+00 2.843E+01 3.152E+01 4.416E+05  9.5815 1.00000 1.739E+00
  5.500E+06 5.500E+06 3.103E+00 1.197E+01 1.704E+01 2.346E+00 3.136E+01 3.446E+01 4.567E+05  9.7721 1.00000 1.739E+00
  6.000E+06 6.000E+06 3.112E+00 1.309E+01 1.863E+01 2.573E+00 3.429E+01 3.740E+01 4.707E+05  9.9462 1.00000 1.739E+00
  7.000E+06 7.000E+06 3.128E+00 1.534E+01 2.181E+01 3.031E+00 4.018E+01 4.331E+01 4.955E+05 10.2544 1.00000 1.739E+00
  8.000E+06 8.000E+06 3.141E+00 1.761E+01 2.500E+01 3.493E+00 4.609E+01 4.924E+01 5.171E+05 10.5215 1.00000 1.739E+00
  9.000E+06 9.000E+06 3.153E+00 1.988E+01 2.819E+01 3.959E+00 5.203E+01 5.518E+01 5.363E+05 10.7571 1.00000 1.739E+00
  1.000E+07 1.000E+07 3.164E+00 2.215E+01 3.140E+01 4.427E+00 5.798E+01 6.114E+01 5.535E+05 10.9678 1.00000 1.739E+00
  1.200E+07 1.200E+07 3.183E+00 2.669E+01 3.777E+01 5.382E+00 6.984E+01 7.302E+01 5.834E+05 11.3324 1.00000 1.739E+00
  1.400E+07 1.400E+07 3.199E+00 3.124E+01 4.416E+01 6.347E+00 8.174E+01 8.494E+01 6.088E+05 11.6407 1.00000 1.739E+00
  1.700E+07 1.700E+07 3.220E+00 3.808E+01 5.376E+01 7.811E+00 9.965E+01 1.029E+02 6.408E+05 12.0290 1.00000 1.739E+00
  2.000E+07 2.000E+07 3.237E+00 4.496E+01 6.339E+01 9.292E+00 1.176E+02 1.209E+02 6.677E+05 12.3541 1.00000 1.739E+00
  2.500E+07 2.500E+07 3.261E+00 5.635E+01 7.938E+01 1.182E+01 1.476E+02 1.508E+02 7.047E+05 12.8004 1.00000 1.739E+00
  3.000E+07 3.000E+07 3.281E+00 6.777E+01 9.540E+01 1.439E+01 1.776E+02 1.808E+02 7.349E+05 13.1650 1.00000 1.739E+00
  3.500E+07 3.500E+07 3.298E+00 7.921E+01 1.114E+02 1.699E+01 2.076E+02 2.109E+02 7.605E+05 13.4733 1.00000 1.739E+00
  4.000E+07 4.000E+07 3.312E+00 9.067E+01 1.275E+02 1.962E+01 2.378E+02 2.411E+02 7.826E+05 13.7404 1.00000 1.739E+00
  4.500E+07 4.500E+07 3.325E+00 1.022E+02 1.436E+02 2.227E+01 2.680E+02 2.713E+02 8.022E+05 13.9759 1.00000 1.739E+00
  5.000E+07 5.000E+07 3.337E+00 1.137E+02 1.597E+02 2.494E+01 2.983E+02 3.016E+02 8.196E+05 14.1866 1.00000 1.739E+00
  5.500E+07 5.500E+07 3.348E+00 1.251E+02 1.757E+02 2.765E+01 3.285E+02 3.318E+02 8.354E+05 14.3773 1.00000 1.739E+00
  6.000E+07 6.000E+07 3.358E+00 1.366E+02 1.918E+02 3.038E+01 3.587E+02 3.621E+02 8.499E+05 14.5513 1.00000 1.739E+00
  7.000E+07 7.000E+07 3.375E+00 1.595E+02 2.239E+02 3.590E+01 4.193E+02 4.227E+02 8.754E+05 14.8596 1.00000 1.739E+00
  8.000E+07 8.000E+07 3.390E+00 1.825E+02 2.560E+02 4.148E+01 4.800E+02 4.834E+02 8.975E+05 15.1267 1.00000 1.739E+00
  9.000E+07 9.000E+07 3.404E+00 2.055E+02 2.882E+02 4.711E+01 5.408E+02 5.442E+02 9.170E+05 15.3622 1.00000 1.739E+00
  1.000E+08 1.000E+08 3.416E+00 2.285E+02 3.203E+02 5.279E+01 6.016E+02 6.051E+02 9.344E+05 15.5729 1.00000 1.739E+00
  1.200E+08 1.200E+08 3.437E+00 2.742E+02 3.844E+02 6.335E+01 7.220E+02 7.254E+02 9.646E+05 15.9376 1.00000 1.739E+00
  1.400E+08 1.400E+08 3.455E+00 3.199E+02 4.485E+02 7.391E+01 8.423E+02 8.458E+02 9.901E+05 16.2459 1.00000 1.739E+00
  1.700E+08 1.700E+08 3.478E+00 3.885E+02 5.446E+02 8.974E+01 1.023E+03 1.026E+03 1.022E+06 16.6342 1.00000 1.739E+00
  2.000E+08 2.000E+08 3.497E+00 4.570E+02 6.407E+02 1.056E+02 1.203E+03 1.207E+03 1.049E+06 16.9592 1.00000 1.739E+00
  2.500E+08 2.500E+08 3.523E+00 5.713E+02 8.008E+02 1.320E+02 1.504E+03 1.508E+03 1.086E+06 17.4055 1.00000 1.739E+00
  3.000E+08 3.000E+08 3.546E+00 6.856E+02 9.610E+02 1.584E+02 1.805E+03 1.808E+03 1.116E+06 17.7702 1.00000 1.739E+00
  3.500E+08 3.500E+08 3.564E+00 7.998E+02 1.121E+03 1.848E+02 2.106E+03 2.109E+03 1.142E+06 18.0785 1.00000 1.739E+00
  4.000E+08 4.000E+08 3.581E+00 9.141E+02 1.281E+03 2.112E+02 2.407E+03 2.410E+03 1.164E+06 18.3455 1.00000 1.739E+00
  4.500E+08 4.500E+08 3.595E+00 1.028E+03 1.441E+03 2.376E+02 2.707E+03 2.711E+03 1.184E+06 18.5811 1.00000 1.739E+00
  5.000E+08 5.000E+08 3.608E+00 1.143E+03 1.602E+03 2.640E+02 3.008E+03 3.012E+03 1.201E+06 18.7918 1.00000 1.739E+00
  5.500E+08 5.500E+08 3.620E+00 1.257E+03 1.762E+03 2.903E+02 3.309E+03 3.313E+03 1.217E+06 18.9824 1.00000 1.739E+00
  6.000E+08 6.000E+08 3.631E+00 1.371E+03 1.922E+03 3.167E+02 3.610E+03 3.613E+03 1.231E+06 19.1565 1.00000 1.739E+00
  7.000E+08 7.000E+08 3.650E+00 1.600E+03 2.242E+03 3.695E+02 4.211E+03 4.215E+03 1.257E+06 19.4648 1.00000 1.739E+00
  8.000E+08 8.000E+08 3.667E+00 1.828E+03 2.563E+03 4.223E+02 4.813E+03 4.817E+03 1.279E+06 19.7318 1.00000 1.739E+00
  9.000E+08 9.000E+08 3.682E+00 2.057E+03 2.883E+03 4.751E+02 5.415E+03 5.418E+03 1.299E+06 19.9674 1.00000 1.739E+00
  1.000E+09 1.000E+09 3.696E+00 2.285E+03 3.203E+03 5.279E+02 6.016E+03 6.020E+03 1.316E+06 20.1781 1.00000 1.739E+00
