# FILE_NAME
# REACTION
# BEAM_MASS TARGET_MASS THRESHOLD FINAL_STATE_MULTIPLICITY
# NUMBER_OF_DATA_POINTS
# POINT_NUMBER PLAB(GEV/C) PLAB_MIN PLAB_MAX SIG(MB) STA_ERR+ STA_ERR- SY_ER+(PCT) SY_ER-(PCT) REFERENCE FLAG
#  FORMAT(I5,1X,4F11.5,2F8.4,1X,2F6.1,A)
# -------------------------------------------------------------------------------------------------------
# PDEUT_TOTAL.DAT
# P DEUT --> X
# 0.938270    1.875600      0.            0
#  99
 1    0.65847    0.65148    0.66541    62.800     3.0000  3.0000     0.0  0.0  CARVALHO 54      PR 96, 398
 2    0.83086    0.81875    0.84288    56.800     5.0000  5.0000     0.0  0.0  CARVALHO 54      PR 96, 398
 3    0.92600    0.91515    0.93679    53.200     2.1000  1.8000     0.0  0.0  CHEN 56          PR 103, 211
 4    0.94000    0.94000    0.94000    58.900     1.6000  1.6000     0.0  0.0  DZHELEPOV 56     DANS 110, 539
 5    1.07700    1.07700    1.07700    61.100     3.0000  3.0000     0.0  0.0  DZHELEPOV 56     DANS 110, 539
 6    1.11100    1.10878    1.11322    67.209     9.0E-02 9.0E-02    0.3  0.3  BUGG 66          PR 146, 980
 7    1.19400    1.19400    1.19400    66.300     2.3000  2.3000     0.0  0.0  DZHELEPOV 56     DANS 110, 539
 8    1.20634    1.19136    1.22126    66.800     2.4000  2.0000     0.0  0.0  CHEN 56          PR 103, 211
 9    1.24400    1.24400    1.24400    69.700     3.1000  3.1000     0.0  0.0  DZHELEPOV 56     DANS 110, 539
 10   1.28100    1.28100    1.28100    72.300     1.9000  1.9000     0.0  0.0  DZHELEPOV 56     DANS 110, 539
 11   1.28900    1.28642    1.29158    76.905     0.11000 0.11000    0.3  0.3  BUGG 66          PR 146, 980
 12   1.40800    1.40518    1.41082    80.490     5.7E-02 5.7E-02    0.3  0.3  BUGG 66          PR 146, 980
 13   1.47516    1.45592    1.49432    76.000     2.1000  1.6000     0.0  0.0  CHEN 56          PR 103, 211
 14   1.54580    1.50494    1.58637    82.590     0.18000 0.18000    10.0 10.0 JAROS 78         PR C18, 2273
 15   1.59240    1.59240    1.59240    79.100     1.0000  1.0000     0.0  0.0  LAW 59           NP 9, 600
 16   1.60700    1.60379    1.61021    82.472     6.3E-02 6.3E-02    0.3  0.3  BUGG 66          PR 146, 980
 17   1.66000    1.65668    1.66332    82.889     6.3E-02 6.3E-02    0.3  0.3  BUGG 66          PR 146, 980
 18   1.76429    1.74025    1.78827    78.300     2.6000  2.2000     0.0  0.0  CHEN 56          PR 103, 211
 19   1.78000    1.77644    1.78356    83.377     5.2E-02 5.2E-02    0.3  0.3  BUGG 66          PR 146, 980
 20   1.85800    1.85428    1.86172    84.039     4.7E-02 4.7E-02    0.3  0.3  BUGG 66          PR 146, 980
 21   1.94000    1.93612    1.94388    84.260     4.6E-02 4.6E-02    0.3  0.3  BUGG 66          PR 146, 980
 22   1.95200    1.94810    1.95590    84.280     4.7E-02 4.7E-02    0.3  0.3  BUGG 66          PR 146, 980
 23   1.98797    1.96007    2.01580    80.300     2.2000  1.5000     0.0  0.0  CHEN 56          PR 103, 211
 24   2.07900    2.07484    2.08316    84.526     4.7E-02 4.7E-02    0.3  0.3  BUGG 66          PR 146, 980
 25   2.21200    2.20758    2.21642    84.524     4.7E-02 4.7E-02    0.3  0.3  BUGG 66          PR 146, 980
 26   2.22883    2.19668    2.26091    80.800     3.3000  2.1000     0.0  0.0  CHEN 56          PR 103, 211
 27   2.28000    2.27544    2.28456    84.624     4.7E-02 4.7E-02    0.3  0.3  BUGG 66          PR 146, 980
 28   2.45000    2.44510    2.45490    84.239     4.7E-02 4.7E-02    0.3  0.3  BUGG 66          PR 146, 980
 29   2.59100    2.58582    2.59618    84.212     4.7E-02 4.7E-02    0.3  0.3  BUGG 66          PR 146, 980
 30   2.67900    2.67364    2.68436    84.085     4.4E-02 4.4E-02    0.3  0.3  BUGG 66          PR 146, 980
 31   2.70400    2.69859    2.70941    83.912     4.7E-02 4.7E-02    0.3  0.3  BUGG 66          PR 146, 980
 32   2.78444    2.74219    2.82661    78.700     3.9000  2.1000     0.0  0.0  CHEN 56          PR 103, 211
 33   2.81900    2.81336    2.82464    83.846     4.7E-02 4.7E-02    0.3  0.3  BUGG 66          PR 146, 980
 34   2.85700    2.85129    2.86271    83.790     4.7E-02 4.7E-02    0.3  0.3  BUGG 66          PR 146, 980
 35   2.88976    2.80131    2.97796    84.770     0.19000 0.19000    10.0 10.0 JAROS 78         PR C18, 2273
 36   2.95800    2.95208    2.96392    83.602     4.7E-02 4.7E-02    0.3  0.3  BUGG 66          PR 146, 980
 37   2.99400    2.98801    2.99999    83.452     4.7E-02 4.7E-02    0.3  0.3  BUGG 66          PR 146, 980
 38   3.05400    3.04789    3.06011    83.289     4.7E-02 4.7E-02    0.3  0.3  BUGG 66          PR 146, 980
 39   3.11000    3.10378    3.11622    83.328     4.7E-02 4.7E-02    0.3  0.3  BUGG 66          PR 146, 980
 40   3.14200    3.13572    3.14828    83.166     4.7E-02 4.7E-02    0.3  0.3  BUGG 66          PR 146, 980
 41   3.27700    3.27045    3.28355    82.489     4.7E-02 4.7E-02    0.3  0.3  BUGG 66          PR 146, 980
 42   3.30300    3.29639    3.30961    82.730     4.7E-02 4.7E-02    0.3  0.3  BUGG 66          PR 146, 980
 43   3.41160    3.35764    3.46550    74.200     4.6000  2.0000     0.0  0.0  CHEN 56          PR 103, 211
 44   3.44300    3.43611    3.44989    81.960     4.7E-02 4.7E-02    0.3  0.3  BUGG 66          PR 146, 980
 45   3.54600    3.53891    3.55309    81.710     4.7E-02 4.7E-02    0.3  0.3  BUGG 66          PR 146, 980
 46   3.70000    3.70000    3.70000    83.400     3.0000  3.0000     0.0  0.0  COHN 70          NP B21, 505
 47   3.90800    3.90018    3.91582    81.107     3.3E-02 3.3E-02    0.3  0.3  BUGG 66          PR 146, 980
 48   4.03700    4.02893    4.04507    80.930     4.7E-02 4.7E-02    0.3  0.3  BUGG 66          PR 146, 980
 49   4.26500    4.25647    4.27353    80.417     4.7E-02 4.7E-02    0.3  0.3  BUGG 66          PR 146, 980
 50   4.55200    4.54290    4.56110    80.125     4.7E-02 4.7E-02    0.3  0.3  BUGG 66          PR 146, 980
 51   4.96600    4.95607    4.97593    79.632     4.7E-02 4.7E-02    0.3  0.3  BUGG 66          PR 146, 980
 52   5.22100    5.21056    5.23144    79.578     3.7E-02 3.7E-02    0.3  0.3  BUGG 66          PR 146, 980
 53   5.52600    5.51495    5.53705    79.316     4.7E-02 4.7E-02    0.3  0.3  BUGG 66          PR 146, 980
 54   5.82400    5.81235    5.83565    79.091     4.7E-02 4.7E-02    0.3  0.3  BUGG 66          PR 146, 980
 55   6.00000    5.89800    6.10200    77.400     1.3000  1.3000     1.0  1.0  GALBRAITH 65     PR 138, B913
 56   7.83500    7.81933    7.85067    77.858     5.2E-02 5.2E-02    0.3  0.3  BUGG 66          PR 146, 980
 57   8.00000    7.86400    8.13600    76.200     1.3000  1.3000     1.0  1.0  GALBRAITH 65     PR 138, B913
 58   10.00000   9.83000    10.17000   75.800     1.3000  1.3000     1.0  1.0  GALBRAITH 65     PR 138, B913
 59   12.00000   11.79600   12.20400   74.400     1.3000  1.3000     1.0  1.0  GALBRAITH 65     PR 138, B913
 60   14.00000   13.76200   14.23800   74.000     1.3000  1.3000     1.0  1.0  GALBRAITH 65     PR 138, B913
 61   15.00000   15.00000   15.00000   72.250     0.22000 0.22000    0.5  0.5  DENISOV 71       PL 36B, 415
 62   16.00000   15.72800   16.27200   73.700     1.3000  1.3000     1.0  1.0  GALBRAITH 65     PR 138, B913
 63   18.00000   17.69400   18.30600   72.800     1.3000  1.3000     1.0  1.0  GALBRAITH 65     PR 138, B913
 64   19.30000   19.30000   19.30000   74.100     0.70000 0.70000    0.0  0.0  BELLETTINI 65    PL 19, 341
 65   19.80000   19.80000   19.80000   73.500     0.80000 0.80000    0.0  0.0  BADIER 72        PL 41B, 387
 66   20.00000   19.66000   20.34000   72.100     1.3000  1.3000     1.0  1.0  GALBRAITH 65     PR 138, B913
 67   20.00000   20.00000   20.00000   74.660     0.25000 0.25000    0.4  0.4  BUSHNIN 73C      YF 16, 1224
 68   20.00000   20.00000   20.00000   74.480     0.22000 0.22000    0.5  0.5  DENISOV 71       PL 36B, 415
 69   22.00000   21.62600   22.37400   71.600     1.3000  1.3000     1.0  1.0  GALBRAITH 65     PR 138, B913
 70   23.00000   23.00000   23.00000   73.910     0.69000 0.69000    0.5  0.5  CARROLL 76       PL 61B, 303
 71   25.00000   25.00000   25.00000   74.000     0.22000 0.22000    0.5  0.5  DENISOV 71       PL 36B, 415
 72   30.00000   30.00000   30.00000   74.280     0.25000 0.25000    0.4  0.4  BUSHNIN 73C      YF 16, 1224
 73   30.00000   30.00000   30.00000   73.850     0.22000 0.22000    0.5  0.5  DENISOV 71       PL 36B, 415
 74   35.00000   35.00000   35.00000   73.570     9.0E-02 9.0E-02    0.5  0.5  CARROLL 76       PL 61B, 303
 75   35.00000   35.00000   35.00000   73.530     0.22000 0.22000    0.5  0.5  DENISOV 71       PL 36B, 415
 76   40.00000   40.00000   40.00000   74.000     0.30000 0.30000    0.4  0.4  BUSHNIN 73C      YF 16, 1224
 77   40.00000   40.00000   40.00000   73.600     0.22000 0.22000    0.5  0.5  DENISOV 71       PL 36B, 415
 78   45.00000   45.00000   45.00000   73.220     0.22000 0.22000    0.5  0.5  DENISOV 71       PL 36B, 415
 79   50.00000   50.00000   50.00000   73.120     8.0E-02 8.0E-02    0.5  0.5  CARROLL 76       PL 61B, 303
 80   50.00000   50.00000   50.00000   72.980     0.13000 0.13000    0.6  0.6  CARROLL 74       PRL 33, 928
 81   50.00000   50.00000   50.00000   73.600     0.25000 0.25000    0.4  0.4  BUSHNIN 73C      YF 16, 1224
 82   50.00000   50.00000   50.00000   73.430     0.22000 0.22000    0.5  0.5  DENISOV 71       PL 36B, 415
 83   55.00000   55.00000   55.00000   73.260     0.22000 0.22000    0.5  0.5  DENISOV 71       PL 36B, 415
 84   60.00000   60.00000   60.00000   73.420     0.22000 0.22000    0.5  0.5  DENISOV 71       PL 36B, 415
 85   65.00000   65.00000   65.00000   73.520     0.30000 0.30000    0.4  0.4  BUSHNIN 73C      YF 16, 1224
 86   70.00000   70.00000   70.00000   73.150     7.0E-02 7.0E-02    0.5  0.5  CARROLL 76       PL 61B, 303
 87   100.00000  100.00000  100.00000  73.280     7.0E-02 7.0E-02    0.5  0.5  CARROLL 76       PL 61B, 303
 88   100.00000  100.00000  100.00000  73.120     0.11000 0.11000    0.6  0.6  CARROLL 74       PRL 33, 928
 89   120.00000  120.00000  120.00000  73.440     7.0E-02 7.0E-02    0.5  0.5  CARROLL 76       PL 61B, 303
 90   150.00000  150.00000  150.00000  73.570     7.0E-02 7.0E-02    0.5  0.5  CARROLL 76       PL 61B, 303
 91   150.00000  150.00000  150.00000  73.460     0.11000 0.11000    0.6  0.6  CARROLL 74       PRL 33, 928
 92   170.00000  170.00000  170.00000  73.780     7.0E-02 7.0E-02    0.5  0.5  CARROLL 76       PL 61B, 303
 93   200.00000  200.00000  200.00000  73.990     7.0E-02 7.0E-02    0.7  0.7  CARROLL 79       PL 80B, 423
 94   200.00000  200.00000  200.00000  73.840     0.11000 0.11000    0.6  0.6  CARROLL 74       PRL 33, 928
 95   240.00000  240.00000  240.00000  74.420     7.0E-02 7.0E-02    0.7  0.7  CARROLL 79       PL 80B, 423
 96   280.00000  280.00000  280.00000  74.610     7.0E-02 7.0E-02    0.7  0.7  CARROLL 79       PL 80B, 423
 97   310.00000  310.00000  310.00000  74.960     0.10000 0.10000    0.7  0.7  CARROLL 79       PL 80B, 423
 98   340.00000  340.00000  340.00000  75.020     0.12000 0.12000    0.7  0.7  CARROLL 79       PL 80B, 423
 99   370.00000  370.00000  370.00000  75.350     0.11000 0.11000    0.7  0.7  CARROLL 79       PL 80B, 423
