# FILE_NAME
# REACTION
# BEAM_MASS TARGET_MASS THRESHOLD FINAL_STATE_MULTIPLICITY
# NUMBER_OF_DATA_POINTS
# POINT_NUMBER PLAB(GEV/C) PLAB_MIN PLAB_MAX SIG(MB) STA_ERR+ STA_ERR- SY_ER+(PCT) SY_ER-(PCT) REFERENCE FLAG
#  FORMAT(I5,1X,4F11.5,2F8.4,1X,2F6.1,A)
# -------------------------------------------------------------------------------------------------------
# LAMBDAP_ELASTIC.DAT
# LAMBDA P --> P LAMBDA
# 1.115700    0.938270      0.            2
#  55
 1    0.13500    0.12000    0.15000    209.00     58.000  58.000     0.0  0.0  SECHIZORN 68     PR 175, 1735
 2    0.14394    0.11963    0.17066    130.00     50.000  50.000     0.0  0.0  SECHIZORN 64     PRL 13, 282
 3    0.14500    0.12000    0.17000    180.00     22.000  22.000     0.0  0.0  ALEXANDER 68F    PR 173, 1452
 4    0.16500    0.15000    0.18000    177.00     38.000  38.000     0.0  0.0  SECHIZORN 68     PR 175, 1735
 5    0.18500    0.17000    0.20000    130.00     17.000  17.000     0.0  0.0  ALEXANDER 68F    PR 173, 1452
 6    0.18596    0.17066    0.20014    105.00     34.000  34.000     0.0  0.0  SECHIZORN 64     PRL 13, 282
 7    0.19500    0.18000    0.21000    153.00     27.000  27.000     0.0  0.0  SECHIZORN 68     PR 175, 1735
 8    0.21000    0.20000    0.22000    118.00     16.000  16.000     0.0  0.0  ALEXANDER 68F    PR 173, 1452
 9    0.21573    0.20014    0.23032    195.00     55.000  55.000     0.0  0.0  SECHIZORN 64     PRL 13, 282
 10   0.22500    0.21000    0.24000    111.00     18.000  18.000     0.0  0.0  SECHIZORN 68     PR 175, 1735
 11   0.22500    0.15000    0.40000    34.000     10.000  10.000     0.0  0.0  PIEKENBROCK 64   PRL 12, 625
 12   0.23000    0.22000    0.24000    101.00     12.000  12.000     0.0  0.0  ALEXANDER 68F    PR 173, 1452
 13   0.24817    0.23032    0.26007    66.000     22.000  22.000     0.0  0.0  SECHIZORN 64     PRL 13, 282
 14   0.25000    0.20000    0.30000    26.000     9.7000  9.7000     0.0  0.0  KADYK 69         NP B27, 13
 15   0.25000    0.24000    0.26000    83.000     9.0000  9.0000     0.0  0.0  ALEXANDER 68F    PR 173, 1452
 16   0.25500    0.24000    0.27000    87.000     13.000  13.000     0.0  0.0  SECHIZORN 68     PR 175, 1735
 17   0.29000    0.26000    0.32000    57.000     9.0000  9.0000     0.0  0.0  ALEXANDER 68F    PR 173, 1452
 18   0.29133    0.26007    0.39995    52.000     23.000  23.000     0.0  0.0  SECHIZORN 64     PRL 13, 282
 19   0.30000    0.27000    0.33000    46.000     11.000  11.000     0.0  0.0  SECHIZORN 68     PR 175, 1735
 20   0.35000    0.30000    0.40000    23.900     5.9000  5.9000     0.0  0.0  KADYK 69         NP B27, 13
 21   0.37500    0.15000    0.60000    22.000     10.000  10.000     0.0  0.0  GROVES 63        PR 129, 1372
 22   0.45000    0.40000    0.50000    8.9000     2.9000  2.9000     0.0  0.0  KADYK 69         NP B27, 13
 23   0.51900    0.40000    0.63800    24.700     9.3000  9.3000     0.0  0.0  ALEXANDER 61     PRL 7, 348
 24   0.55000    0.50000    0.60000    9.1000     2.7000  2.7000     0.0  0.0  KADYK 69         NP B27, 13
 25   0.65000    0.60000    0.70000    16.700     3.5000  3.5000     0.0  0.0  KADYK 69         NP B27, 13
 26   0.75000    0.75000    0.75000    40.000     20.000  20.000     0.0  0.0  CRAWFORD 59C     PRL 2, 174
 27   0.75000    0.70000    0.80000    10.700     2.7000  2.7000     0.0  0.0  KADYK 69         NP B27, 13
 28   0.81900    0.63800    1.00000    20.400     7.7000  7.7000     0.0  0.0  ALEXANDER 61     PRL 7, 348
 29   0.85000    0.85000    0.85000    25.000     4.0000  4.0000     0.0  0.0  BEILLIERE 64     PL 12, 350
 30   0.85000    0.80000    0.90000    10.200     2.8000  2.8000     0.0  0.0  KADYK 69         NP B27, 13
 31   0.95000    0.90000    1.00000    8.9000     2.5000  2.5000     0.0  0.0  KADYK 69         NP B27, 13
 32   1.05000    0.60000    1.50000    19.000     5.0000  5.0000     0.0  0.0  GROVES 63        PR 129, 1372
 33   1.05000    1.00000    1.10000    18.100     3.9000  3.9000     0.0  0.0  KADYK 69         NP B27, 13
 34   1.15000    1.10000    1.20000    6.9000     2.6000  2.6000     0.0  0.0  KADYK 69         NP B27, 13
 35   1.25000    1.20000    1.30000    7.5000     2.8000  2.8000     0.0  0.0  KADYK 69         NP B27, 13
 36   1.35000    1.30000    1.40000    16.400     4.6000  4.6000     0.0  0.0  KADYK 69         NP B27, 13
 37   1.45000    1.40000    1.50000    11.400     4.1000  4.1000     0.0  0.0  KADYK 69         NP B27, 13
 38   1.50000    1.00000    2.00000    22.300     5.8000  5.8000     0.0  0.0  ANDERSON 75C     PR D11, 473
 39   1.55000    1.50000    1.60000    13.300     4.8000  4.8000     0.0  0.0  KADYK 69         NP B27, 13
 40   1.62500    1.00000    2.25000    12.000     4.0000  4.0000     0.0  0.0  BASSANO 67       PR 160, 1239
 41   1.65000    1.60000    1.70000    11.100     5.5000  5.5000     0.0  0.0  KADYK 69         NP B27, 13
 42   1.75000    0.50000    3.00000    13.800     2.7000  2.7000     0.0  0.0  MOUNT 75         PL 58B, 228
 43   1.75000    1.70000    1.80000    15.500     7.6000  7.6000     0.0  0.0  KADYK 69         NP B27, 13
 44   1.85000    1.80000    1.90000    13.600     9.4000  9.4000     0.0  0.0  KADYK 69         NP B27, 13
 45   1.95000    1.90000    2.00000    20.300     19.100  19.100     0.0  0.0  KADYK 69         NP B27, 13
 46   2.50000    2.00000    3.00000    16.300     4.8000  4.8000     0.0  0.0  ANDERSON 75C     PR D11, 473
 47   2.70000    1.50000    3.90000    15.000     4.0000  4.0000     0.0  0.0  VISHNEVSKI 66B   YF 3, 697
 48   2.88000    2.26000    3.50000    9.0000     3.0000  3.0000     0.0  0.0  BASSANO 67       PR 160, 1239
 49   3.50000    3.00000    4.00000    14.400     4.8000  4.8000     0.0  0.0  ANDERSON 75C     PR D11, 473
 50   4.25000    3.50000    5.00000    9.0000     4.0000  4.0000     0.0  0.0  BASSANO 67       PR 160, 1239
 51   4.50000    4.00000    5.00000    7.7000     3.2000  3.2000     0.0  0.0  ANDERSON 75C     PR D11, 473
 52   5.50000    5.00000    6.00000    6.2000     3.3000  3.3000     0.0  0.0  ANDERSON 75C     PR D11, 473
 53   5.50000    3.00000    8.00000    11.000     2.5000  2.5000     0.0  0.0  MOUNT 75         PL 58B, 228
 54   11.50000   6.00000    17.00000   4.1000     1.6000  1.6000     0.0  0.0  ANDERSON 75C     PR D11, 473
 55   16.00000   8.00000    24.00000   6.0000     1.5000  1.5000     0.0  0.0  MOUNT 75         PL 58B, 228
