# FILE_NAME
# REACTION
# BEAM_MASS TARGET_MASS THRESHOLD FINAL_STATE_MULTIPLICITY
# NUMBER_OF_DATA_POINTS
# POINT_NUMBER PLAB(GEV/C) PLAB_MIN PLAB_MAX SIG(MB) STA_ERR+ STA_ERR- SY_ER+(PCT) SY_ER-(PCT) REFERENCE FLAG
#  FORMAT(I5,1X,4F11.5,2F8.4,1X,2F6.1,A)
# -------------------------------------------------------------------------------------------------------
# PBARDEUT_TOTAL.DAT
# PBAR DEUT --> X
# 0.938270    1.875600      0.            0
# 138
 1    0.27000    0.27000    0.27000    466.90     25.500  25.500     0.0  0.0  KALOGEROPOUL 80  PR D22, 2585
 2    0.29000    0.29000    0.29000    455.20     22.600  22.600     0.0  0.0  KALOGEROPOUL 80  PR D22, 2585
 3    0.31000    0.31000    0.31000    459.00     20.100  20.100     0.0  0.0  KALOGEROPOUL 80  PR D22, 2585
 4    0.32750    0.32750    0.32750    415.30     16.500  16.500     0.0  0.0  KALOGEROPOUL 80  PR D22, 2585
 5    0.33300    0.29300    0.37300    366.20     11.500  11.500     0.0  0.0  BIZZARI 74       NC 22A, 225
 6    0.34250    0.34250    0.34250    424.50     15.800  15.800     0.0  0.0  KALOGEROPOUL 80  PR D22, 2585
 7    0.35500    0.35500    0.35500    345.60     3.8000  3.8000     1.5  1.5  HAMILTON 80      PRL 44, 1182
 8    0.35750    0.35750    0.35750    372.10     13.700  13.700     0.0  0.0  KALOGEROPOUL 80  PR D22, 2585
 9    0.37250    0.37250    0.37250    368.40     12.600  12.600     0.0  0.0  KALOGEROPOUL 80  PR D22, 2585
 10   0.38600    0.38600    0.38600    324.60     1.1000  1.1000     1.5  1.5  HAMILTON 80      PRL 44, 1182
 11   0.38750    0.38750    0.38750    356.30     11.100  11.100     0.0  0.0  KALOGEROPOUL 80  PR D22, 2585
 12   0.39500    0.36900    0.42100    346.40     8.4000  8.4000     0.0  0.0  BIZZARI 74       NC 22A, 225
 13   0.40250    0.40250    0.40250    357.40     10.800  10.800     0.0  0.0  KALOGEROPOUL 80  PR D22, 2585
 14   0.41500    0.41500    0.41500    309.70     1.1000  1.1000     1.5  1.5  HAMILTON 80      PRL 44, 1182
 15   0.41500    0.41500    0.41500    341.90     12.500  12.500     0.0  0.0  KALOGEROPOUL 80  PR D22, 2585
 16   0.42500    0.42500    0.42500    300.70     11.500  11.500     0.0  0.0  KALOGEROPOUL 80  PR D22, 2585
 17   0.43500    0.43500    0.43500    281.30     17.400  17.400     0.0  0.0  KALOGEROPOUL 80  PR D22, 2585
 18   0.44000    0.42000    0.46000    331.30     7.1000  7.1000     0.0  0.0  BIZZARI 74       NC 22A, 225
 19   0.44200    0.44200    0.44200    297.80     1.1000  1.1000     1.5  1.5  HAMILTON 80      PRL 44, 1182
 20   0.44500    0.44500    0.44500    301.60     17.200  17.200     0.0  0.0  KALOGEROPOUL 80  PR D22, 2585
 21   0.45500    0.45500    0.45500    309.10     16.300  16.300     0.0  0.0  KALOGEROPOUL 80  PR D22, 2585
 22   0.46500    0.46500    0.46500    322.20     16.000  16.000     0.0  0.0  KALOGEROPOUL 80  PR D22, 2585
 23   0.46600    0.44600    0.48600    310.70     7.3000  7.3000     0.0  0.0  BIZZARI 74       NC 22A, 225
 24   0.46800    0.46800    0.46800    290.40     1.0000  1.0000     1.5  1.5  HAMILTON 80      PRL 44, 1182
 25   0.49200    0.49200    0.49200    280.30     1.0000  1.0000     1.5  1.5  HAMILTON 80      PRL 44, 1182
 26   0.49800    0.48100    0.51500    287.50     6.1000  6.1000     0.0  0.0  BIZZARI 74       NC 22A, 225
 27   0.51600    0.51600    0.51600    274.90     0.90000 0.90000    1.5  1.5  HAMILTON 80      PRL 44, 1182
 28   0.52700    0.51100    0.54300    283.40     5.4000  5.4000     0.0  0.0  BIZZARI 74       NC 22A, 225
 29   0.54000    0.54000    0.54000    267.00     0.70000 0.70000    1.5  1.5  HAMILTON 80      PRL 44, 1182
 30   0.54500    0.53100    0.55900    282.60     5.4000  5.4000     0.0  0.0  BIZZARI 74       NC 22A, 225
 31   0.56300    0.56300    0.56300    262.70     0.60000 0.60000    1.5  1.5  HAMILTON 80      PRL 44, 1182
 32   0.56900    0.55600    0.58200    282.90     4.8000  4.8000     0.0  0.0  BIZZARI 74       NC 22A, 225
 33   0.59100    0.57900    0.60300    271.80     4.2000  4.2000     0.0  0.0  BIZZARI 74       NC 22A, 225
 34   0.60800    0.60800    0.60800    251.80     0.50000 0.50000    1.5  1.5  HAMILTON 80      PRL 44, 1182
 35   0.65100    0.65100    0.65100    244.30     0.50000 0.50000    1.5  1.5  HAMILTON 80      PRL 44, 1182
 36   0.69400    0.69400    0.69400    236.20     0.50000 0.50000    1.5  1.5  HAMILTON 80      PRL 44, 1182
 37   0.73700    0.73700    0.73700    229.30     0.50000 0.50000    1.5  1.5  HAMILTON 80      PRL 44, 1182
 38   0.77900    0.77900    0.77900    225.80     0.40000 0.40000    1.5  1.5  HAMILTON 80      PRL 44, 1182
 39   0.79900    0.79900    0.79900    222.00     0.30000 0.30000    1.5  1.5  HAMILTON 80      PRL 44, 1182
 40   0.82000    0.82000    0.82000    221.00     0.30000 0.30000    1.5  1.5  HAMILTON 80      PRL 44, 1182
 41   0.86200    0.86200    0.86200    216.60     0.30000 0.30000    1.5  1.5  HAMILTON 80      PRL 44, 1182
 42   0.90300    0.90300    0.90300    213.00     0.30000 0.30000    1.5  1.5  HAMILTON 80      PRL 44, 1182
 43   0.94400    0.94400    0.94400    209.40     0.30000 0.30000    1.5  1.5  HAMILTON 80      PRL 44, 1182
 44   0.98500    0.98500    0.98500    208.50     0.30000 0.30000    1.5  1.5  HAMILTON 80      PRL 44, 1182
 45   1.00000    0.99500    1.00500    208.18     0.21000 0.21000    1.0  1.0  ABRAMS 70        PR D1, 1917
 46   1.02500    1.02500    1.02500    203.10     0.30000 0.30000    1.5  1.5  HAMILTON 80      PRL 44, 1182
 47   1.05000    1.04475    1.05525    203.37     0.20000 0.20000    1.0  1.0  ABRAMS 70        PR D1, 1917
 48   1.06600    1.06600    1.06600    200.90     0.30000 0.30000    1.5  1.5  HAMILTON 80      PRL 44, 1182
 49   1.10000    1.09450    1.10550    199.84     0.19000 0.19000    1.0  1.0  ABRAMS 70        PR D1, 1917
 50   1.13456    1.10193    1.16682    210.00     5.0000  5.0000     0.0  0.0  ELIOFF 62        PR 128, 869
 51   1.15000    1.14425    1.15575    197.14     0.15000 0.15000    1.0  1.0  ABRAMS 70        PR D1, 1917
 52   1.20000    1.19400    1.20600    195.21     0.13000 0.13000    1.0  1.0  ABRAMS 70        PR D1, 1917
 53   1.25000    1.24375    1.25625    193.77     0.13000 0.13000    1.0  1.0  ABRAMS 70        PR D1, 1917
 54   1.30000    1.29350    1.30650    191.71     0.12000 0.12000    1.0  1.0  ABRAMS 70        PR D1, 1917
 55   1.34297    1.30251    1.38304    189.00     5.0000  5.0000     0.0  0.0  ELIOFF 62        PR 128, 869
 56   1.34500    1.33827    1.35172    190.17     0.12000 0.12000    1.0  1.0  ABRAMS 70        PR D1, 1917
 57   1.40000    1.39300    1.40700    186.19     0.12000 0.12000    1.0  1.0  ABRAMS 70        PR D1, 1917
 58   1.45000    1.44275    1.45725    183.51     0.10000 0.10000    1.0  1.0  ABRAMS 70        PR D1, 1917
 59   1.48227    1.43829    1.52588    196.00     6.0000  6.0000     0.0  0.0  ELIOFF 62        PR 128, 869
 60   1.49000    1.48255    1.49745    181.47     9.0E-02 9.0E-02    1.0  1.0  ABRAMS 70        PR D1, 1917
 61   1.55000    1.54225    1.55775    178.80     8.0E-02 8.0E-02    1.0  1.0  ABRAMS 70        PR D1, 1917
 62   1.60000    1.59200    1.60800    176.97     8.0E-02 8.0E-02    1.0  1.0  ABRAMS 70        PR D1, 1917
 63   1.63636    1.58776    1.68460    178.00     5.0000  5.0000     0.0  0.0  ELIOFF 62        PR 128, 869
 64   1.65000    1.64175    1.65825    175.16     8.0E-02 8.0E-02    1.0  1.0  ABRAMS 70        PR D1, 1917
 65   1.70000    1.69150    1.70850    173.75     8.0E-02 8.0E-02    1.0  1.0  ABRAMS 70        PR D1, 1917
 66   1.75000    1.74125    1.75875    172.33     8.0E-02 8.0E-02    1.0  1.0  ABRAMS 70        PR D1, 1917
 67   1.77335    1.72114    1.82523    184.00     3.0000  3.0000     0.0  0.0  ELIOFF 62        PR 128, 869
 68   1.80600    1.79697    1.81503    169.88     7.0E-02 7.0E-02    1.0  1.0  ABRAMS 70        PR D1, 1917
 69   1.85000    1.84075    1.85925    168.49     9.0E-02 9.0E-02    1.0  1.0  ABRAMS 70        PR D1, 1917
 70   1.87500    1.86563    1.88437    167.55     7.0E-02 7.0E-02    1.0  1.0  ABRAMS 70        PR D1, 1917
 71   1.90000    1.89050    1.90950    166.59     7.0E-02 7.0E-02    1.0  1.0  ABRAMS 70        PR D1, 1917
 72   1.92500    1.91537    1.93463    165.69     7.0E-02 7.0E-02    1.0  1.0  ABRAMS 70        PR D1, 1917
 73   1.95000    1.94025    1.95975    164.59     7.0E-02 7.0E-02    1.0  1.0  ABRAMS 70        PR D1, 1917
 74   2.00000    1.99000    2.01000    162.69     6.0E-02 6.0E-02    1.0  1.0  ABRAMS 70        PR D1, 1917
 75   2.05000    2.03975    2.06025    160.46     7.0E-02 7.0E-02    1.0  1.0  ABRAMS 70        PR D1, 1917
 76   2.09500    2.08453    2.10547    159.99     7.0E-02 7.0E-02    1.0  1.0  ABRAMS 70        PR D1, 1917
 77   2.15000    2.13925    2.16075    157.76     7.0E-02 7.0E-02    1.0  1.0  ABRAMS 70        PR D1, 1917
 78   2.20000    2.18900    2.21100    156.45     7.0E-02 7.0E-02    1.0  1.0  ABRAMS 70        PR D1, 1917
 79   2.25000    2.23875    2.26125    154.53     7.0E-02 7.0E-02    1.0  1.0  ABRAMS 70        PR D1, 1917
 80   2.30000    2.28850    2.31150    153.13     7.0E-02 7.0E-02    1.0  1.0  ABRAMS 70        PR D1, 1917
 81   2.35000    2.33825    2.36175    152.24     7.0E-02 7.0E-02    1.0  1.0  ABRAMS 70        PR D1, 1917
 82   2.40000    2.38800    2.41200    150.56     7.0E-02 7.0E-02    1.0  1.0  ABRAMS 70        PR D1, 1917
 83   2.45000    2.43775    2.46225    149.46     7.0E-02 7.0E-02    1.0  1.0  ABRAMS 70        PR D1, 1917
 84   2.50000    2.48750    2.51250    148.21     5.0E-02 5.0E-02    1.0  1.0  ABRAMS 70        PR D1, 1917
 85   2.55000    2.53725    2.56275    147.09     7.0E-02 7.0E-02    1.0  1.0  ABRAMS 70        PR D1, 1917
 86   2.60000    2.58700    2.61300    145.93     7.0E-02 7.0E-02    1.0  1.0  ABRAMS 70        PR D1, 1917
 87   2.65000    2.63675    2.66325    145.01     6.0E-02 6.0E-02    1.0  1.0  ABRAMS 70        PR D1, 1917
 88   2.70000    2.68650    2.71350    143.99     6.0E-02 6.0E-02    1.0  1.0  ABRAMS 70        PR D1, 1917
 89   2.75000    2.73625    2.76375    143.12     7.0E-02 7.0E-02    1.0  1.0  ABRAMS 70        PR D1, 1917
 90   2.80000    2.78600    2.81400    141.90     6.0E-02 6.0E-02    1.0  1.0  ABRAMS 70        PR D1, 1917
 91   2.85000    2.83575    2.86425    140.87     6.0E-02 6.0E-02    1.0  1.0  ABRAMS 70        PR D1, 1917
 92   2.90000    2.88550    2.91450    140.03     6.0E-02 6.0E-02    1.0  1.0  ABRAMS 70        PR D1, 1917
 93   2.95000    2.93525    2.96475    139.19     6.0E-02 6.0E-02    1.0  1.0  ABRAMS 70        PR D1, 1917
 94   3.00000    2.98500    3.01500    138.25     6.0E-02 6.0E-02    1.0  1.0  ABRAMS 70        PR D1, 1917
 95   3.05000    3.03475    3.06525    137.30     6.0E-02 6.0E-02    1.0  1.0  ABRAMS 70        PR D1, 1917
 96   3.10000    3.08450    3.11550    136.37     6.0E-02 6.0E-02    1.0  1.0  ABRAMS 70        PR D1, 1917
 97   3.15000    3.13425    3.16575    135.70     6.0E-02 6.0E-02    1.0  1.0  ABRAMS 70        PR D1, 1917
 98   3.20000    3.18400    3.21600    134.84     6.0E-02 6.0E-02    1.0  1.0  ABRAMS 70        PR D1, 1917
 99   3.25000    3.23375    3.26625    134.05     6.0E-02 6.0E-02    1.0  1.0  ABRAMS 70        PR D1, 1917
 100  3.30000    3.28350    3.31650    133.23     6.0E-02 6.0E-02    1.0  1.0  ABRAMS 70        PR D1, 1917
 101  6.00000    5.89800    6.10200    106.90     1.3000  1.3000     1.0  1.0  GALBRAITH 65     PR 138, B913
 102  6.65000    6.65000    6.65000    109.10     0.60000 0.60000    1.0  1.0  DENISOV 73       NP B65, 1
 103  8.00000    7.86400    8.13600    102.70     1.3000  1.3000     1.0  1.0  GALBRAITH 65     PR 138, B913
 104  10.00000   10.00000   10.00000   101.30     1.0000  1.0000     1.0  1.0  DENISOV 73       NP B65, 1
 105  12.00000   11.79600   12.20400   96.100     1.3000  1.3000     1.0  1.0  GALBRAITH 65     PR 138, B913
 106  13.30000   13.30000   13.30000   96.300     0.60000 0.60000    0.7  0.7  DENISOV 73       NP B65, 1
 107  14.00000   13.76200   14.23800   95.000     1.4000  1.4000     1.0  1.0  GALBRAITH 65     PR 138, B913
 108  15.00000   15.00000   15.00000   93.300     1.1000  1.1000     0.6  0.6  DENISOV 73       NP B65, 1
 109  16.00000   15.72800   16.27200   93.200     1.6000  1.6000     1.0  1.0  GALBRAITH 65     PR 138, B913
 110  18.00000   17.69400   18.30600   87.200     6.1000  6.1000     1.0  1.0  GALBRAITH 65     PR 138, B913
 111  20.00000   20.00000   20.00000   89.500     1.3000  1.3000     1.2  1.2  ALLABY 69        PL 30B, 500
 112  20.00000   20.00000   20.00000   90.000     0.60000 0.60000    0.6  0.6  DENISOV 73       NP B65, 1
 113  25.00000   25.00000   25.00000   86.500     0.90000 0.90000    1.2  1.2  ALLABY 69        PL 30B, 500
 114  25.00000   25.00000   25.00000   88.100     0.60000 0.60000    0.6  0.6  DENISOV 73       NP B65, 1
 115  30.00000   30.00000   30.00000   87.000     0.90000 0.90000    1.2  1.2  ALLABY 69        PL 30B, 500
 116  30.00000   30.00000   30.00000   86.500     0.50000 0.50000    0.6  0.6  DENISOV 73       NP B65, 1
 117  30.00000   30.00000   30.00000   85.300     0.60000 0.60000    0.6  0.6  BUSHNIN 73C      YF 16, 1224
 118  35.00000   35.00000   35.00000   85.000     0.70000 0.70000    0.6  0.6  DENISOV 73       NP B65, 1
 119  35.00000   35.00000   35.00000   85.330     0.20000 0.20000    0.5  0.5  CARROLL 76       PL 61B, 303
 120  35.00000   35.00000   35.00000   86.400     1.0000  1.0000     1.2  1.2  ALLABY 69        PL 30B, 500
 121  40.00000   40.00000   40.00000   82.600     0.50000 0.50000    0.6  0.6  DENISOV 73       NP B65, 1
 122  40.00000   40.00000   40.00000   83.500     0.90000 0.90000    1.2  1.2  ALLABY 69        PL 30B, 500
 123  45.00000   45.00000   45.00000   83.600     0.90000 0.90000    0.6  0.6  DENISOV 73       NP B65, 1
 124  50.00000   50.00000   50.00000   81.940     0.90000 0.90000    0.6  0.6  DENISOV 73       NP B65, 1
 125  50.00000   50.00000   50.00000   82.450     0.20000 0.20000    0.5  0.5  CARROLL 76       PL 61B, 303
 126  50.00000   50.00000   50.00000   82.210     0.24000 0.24000    0.6  0.6  CARROLL 74       PRL 33, 928
 127  70.00000   70.00000   70.00000   81.050     0.16000 0.16000    0.5  0.5  CARROLL 76       PL 61B, 303
 128  100.00000  100.00000  100.00000  79.420     0.17000 0.17000    0.5  0.5  CARROLL 76       PL 61B, 303
 129  100.00000  100.00000  100.00000  79.320     0.19000 0.19000    0.6  0.6  CARROLL 74       PRL 33, 928
 130  101.50000  101.50000  101.50000  80.020     0.18000 0.18000    0.0  0.0  BIAGI 81         NP B186, 1
 131  120.00000  120.00000  120.00000  79.310     0.23000 0.23000    0.5  0.5  CARROLL 76       PL 61B, 303
 132  150.00000  150.00000  150.00000  78.410     0.27000 0.27000    0.5  0.5  CARROLL 76       PL 61B, 303
 133  150.00000  150.00000  150.00000  78.240     0.35000 0.35000    0.6  0.6  CARROLL 74       PRL 33, 928
 134  170.00000  170.00000  170.00000  78.540     0.26000 0.26000    0.5  0.5  CARROLL 76       PL 61B, 303
 135  200.00000  200.00000  200.00000  78.320     0.28000 0.28000    0.7  0.7  CARROLL 79       PL 80B, 423
 136  200.00000  200.00000  200.00000  78.770     0.57000 0.57000    0.6  0.6  CARROLL 74       PRL 33, 928
 137  240.00000  240.00000  240.00000  78.460     0.29000 0.29000    0.7  0.7  CARROLL 79       PL 80B, 423
 138  280.00000  280.00000  280.00000  78.400     0.31000 0.31000    0.7  0.7  CARROLL 79       PL 80B, 423
