# FILE_NAME
# REACTION
# BEAM_MASS TARGET_MASS THRESHOLD FINAL_STATE_MULTIPLICITY
# NUMBER_OF_DATA_POINTS
# POINT_NUMBER PLAB(GEV/C) PLAB_MIN PLAB_MAX SIG(MB) STA_ERR+ STA_ERR- SY_ER+(PCT) SY_ER-(PCT) REFERENCE FLAG
#  FORMAT(I5,1X,4F11.5,2F8.4,1X,2F6.1,A)
# -------------------------------------------------------------------------------------------------------
# GAMMAP_TOTAL.DAT
# GAMMA P --> X
# 0.          0.938270      0.            0
# 319
 1    0.18800    0.18800    0.18800    7.8800E-02 4.1E-02 4.1E-02    8.0  8.0  BLOOM 69         SLAC-PUB-0653
 2    0.20500    0.20500    0.20500    0.11890    3.8E-02 3.8E-02    8.0  8.0  BLOOM 69         SLAC-PUB-0653
 3    0.22300    0.22300    0.22300    0.16820    3.4E-02 3.4E-02    8.0  8.0  BLOOM 69         SLAC-PUB-0653
 4    0.24200    0.24200    0.24200    0.20240    3.1E-02 3.1E-02    8.0  8.0  BLOOM 69         SLAC-PUB-0653
 5    0.26000    0.26000    0.26000    0.32340    3.2E-02 3.2E-02    8.0  8.0  BLOOM 69         SLAC-PUB-0653
 6    0.26500    0.26500    0.26500    0.42450    8.0E-03 8.0E-03    3.4  3.4  ARMSTRONG 72     PR D5, 1640
 7    0.27900    0.27900    0.27900    0.38710    3.4E-02 3.4E-02    8.0  8.0  BLOOM 69         SLAC-PUB-0653
 8    0.29000    0.29000    0.29000    0.48700    8.1E-03 8.1E-03    3.4  3.4  ARMSTRONG 72     PR D5, 1640
 9    0.29800    0.29800    0.29800    0.50420    3.7E-02 3.7E-02    8.0  8.0  BLOOM 69         SLAC-PUB-0653
 10   0.31500    0.31500    0.31500    0.52690    8.1E-03 8.1E-03    3.4  3.4  ARMSTRONG 72     PR D5, 1640
 11   0.31800    0.31800    0.31800    0.53260    3.7E-02 3.7E-02    8.0  8.0  BLOOM 69         SLAC-PUB-0653
 12   0.33700    0.33700    0.33700    0.54230    3.2E-02 3.2E-02    8.0  8.0  BLOOM 69         SLAC-PUB-0653
 13   0.34000    0.34000    0.34000    0.47780    8.3E-03 8.3E-03    3.4  3.4  ARMSTRONG 72     PR D5, 1640
 14   0.35700    0.35700    0.35700    0.48080    3.0E-02 3.0E-02    8.0  8.0  BLOOM 69         SLAC-PUB-0653
 15   0.36500    0.36500    0.36500    0.40660    8.0E-03 8.0E-03    3.4  3.4  ARMSTRONG 72     PR D5, 1640
 16   0.37700    0.37700    0.37700    0.41100    3.1E-02 3.1E-02    8.0  8.0  BLOOM 69         SLAC-PUB-0653
 17   0.39000    0.39000    0.39000    0.33410    7.6E-03 7.6E-03    3.4  3.4  ARMSTRONG 72     PR D5, 1640
 18   0.39700    0.39700    0.39700    0.31190    3.3E-02 3.3E-02    8.0  8.0  BLOOM 69         SLAC-PUB-0653
 19   0.41500    0.41500    0.41500    0.24440    7.5E-03 7.5E-03    3.4  3.4  ARMSTRONG 72     PR D5, 1640
 20   0.41800    0.41800    0.41800    0.24960    2.6E-02 2.6E-02    8.0  8.0  BLOOM 69         SLAC-PUB-0653
 21   0.43800    0.43800    0.43800    0.21090    2.6E-02 2.6E-02    8.0  8.0  BLOOM 69         SLAC-PUB-0653
 22   0.44000    0.44000    0.44000    0.22450    6.7E-03 6.7E-03    3.4  3.4  ARMSTRONG 72     PR D5, 1640
 23   0.45900    0.45900    0.45900    0.17420    2.7E-02 2.7E-02    8.0  8.0  BLOOM 69         SLAC-PUB-0653
 24   0.46500    0.46500    0.46500    0.20050    6.6E-03 6.6E-03    3.4  3.4  ARMSTRONG 72     PR D5, 1640
 25   0.48100    0.48100    0.48100    0.18880    2.6E-02 2.6E-02    8.0  8.0  BLOOM 69         SLAC-PUB-0653
 26   0.49000    0.49000    0.49000    0.17830    6.5E-03 6.5E-03    3.4  3.4  ARMSTRONG 72     PR D5, 1640
 27   0.50200    0.50200    0.50200    0.17640    2.5E-02 2.5E-02    8.0  8.0  BLOOM 69         SLAC-PUB-0653
 28   0.51500    0.51500    0.51500    0.17690    6.4E-03 6.4E-03    3.4  3.4  ARMSTRONG 72     PR D5, 1640
 29   0.52400    0.52400    0.52400    0.16710    1.7E-02 1.7E-02    8.0  8.0  BLOOM 69         SLAC-PUB-0653
 30   0.54000    0.54000    0.54000    0.18690    6.2E-03 6.2E-03    3.4  3.4  ARMSTRONG 72     PR D5, 1640
 31   0.54600    0.54600    0.54600    0.19120    1.7E-02 1.7E-02    8.0  8.0  BLOOM 69         SLAC-PUB-0653
 32   0.56500    0.56500    0.56500    0.19400    4.0E-03 4.0E-03    3.4  3.4  ARMSTRONG 72     PR D5, 1640
 33   0.56800    0.56800    0.56800    0.21850    1.7E-02 1.7E-02    8.0  8.0  BLOOM 69         SLAC-PUB-0653
 34   0.59000    0.59000    0.59000    0.21170    3.9E-03 3.9E-03    3.4  3.4  ARMSTRONG 72     PR D5, 1640
 35   0.59000    0.59000    0.59000    0.20910    1.8E-02 1.8E-02    8.0  8.0  BLOOM 69         SLAC-PUB-0653
 36   0.61300    0.61300    0.61300    0.23350    1.6E-02 1.6E-02    8.0  8.0  BLOOM 69         SLAC-PUB-0653
 37   0.61500    0.61500    0.61500    0.22260    4.1E-03 4.1E-03    3.4  3.4  ARMSTRONG 72     PR D5, 1640
 38   0.63600    0.63600    0.63600    0.23850    1.6E-02 1.6E-02    8.0  8.0  BLOOM 69         SLAC-PUB-0653
 39   0.64000    0.64000    0.64000    0.23270    4.2E-03 4.2E-03    3.4  3.4  ARMSTRONG 72     PR D5, 1640
 40   0.65900    0.65900    0.65900    0.24560    1.8E-02 1.8E-02    8.0  8.0  BLOOM 69         SLAC-PUB-0653
 41   0.66100    0.66100    0.66100    0.21100    2.2E-02 2.2E-02    0.0  0.0  HILPERT 68       PL 27B, 474
 42   0.66500    0.66500    0.66500    0.23950    4.3E-03 4.3E-03    3.4  3.4  ARMSTRONG 72     PR D5, 1640
 43   0.68200    0.68200    0.68200    0.25140    1.8E-02 1.8E-02    8.0  8.0  BLOOM 69         SLAC-PUB-0653
 44   0.69000    0.69000    0.69000    0.26460    4.5E-03 4.5E-03    3.4  3.4  ARMSTRONG 72     PR D5, 1640
 45   0.70600    0.70600    0.70600    0.27390    1.9E-02 1.9E-02    8.0  8.0  BLOOM 69         SLAC-PUB-0653
 46   0.71500    0.71500    0.71500    0.27900    4.5E-03 4.5E-03    3.4  3.4  ARMSTRONG 72     PR D5, 1640
 47   0.73000    0.73000    0.73000    0.28910    2.0E-02 2.0E-02    8.0  8.0  BLOOM 69         SLAC-PUB-0653
 48   0.74000    0.74000    0.74000    0.27560    4.6E-03 4.6E-03    3.4  3.4  ARMSTRONG 72     PR D5, 1640
 49   0.75400    0.75400    0.75400    0.28660    1.9E-02 1.9E-02    8.0  8.0  BLOOM 69         SLAC-PUB-0653
 50   0.76500    0.76500    0.76500    0.26070    4.6E-03 4.6E-03    3.4  3.4  ARMSTRONG 72     PR D5, 1640
 51   0.77800    0.77800    0.77800    0.27510    1.8E-02 1.8E-02    8.0  8.0  BLOOM 69         SLAC-PUB-0653
 52   0.79000    0.79000    0.79000    0.24470    4.6E-03 4.6E-03    3.4  3.4  ARMSTRONG 72     PR D5, 1640
 53   0.80000    0.80000    0.80000    0.20100    2.0E-02 2.0E-02    0.0  0.0  DIETERLE 69      PRL 23, 1191
 54   0.80300    0.80300    0.80300    0.25870    1.6E-02 1.6E-02    8.0  8.0  BLOOM 69         SLAC-PUB-0653
 55   0.81500    0.81500    0.81500    0.22110    4.6E-03 4.6E-03    3.4  3.4  ARMSTRONG 72     PR D5, 1640
 56   0.82800    0.82800    0.82800    0.23160    1.7E-02 1.7E-02    8.0  8.0  BLOOM 69         SLAC-PUB-0653
 57   0.84000    0.84000    0.84000    0.20630    4.6E-03 4.6E-03    3.4  3.4  ARMSTRONG 72     PR D5, 1640
 58   0.85300    0.85300    0.85300    0.22990    1.7E-02 1.7E-02    8.0  8.0  BLOOM 69         SLAC-PUB-0653
 59   0.86500    0.86500    0.86500    0.21370    4.5E-03 4.5E-03    3.4  3.4  ARMSTRONG 72     PR D5, 1640
 60   0.87800    0.87800    0.87800    0.22660    1.6E-02 1.6E-02    8.0  8.0  BLOOM 69         SLAC-PUB-0653
 61   0.89000    0.89000    0.89000    0.20880    4.5E-03 4.5E-03    3.4  3.4  ARMSTRONG 72     PR D5, 1640
 62   0.90400    0.90400    0.90400    0.19980    1.7E-02 1.7E-02    8.0  8.0  BLOOM 69         SLAC-PUB-0653
 63   0.91500    0.91500    0.91500    0.20170    4.7E-03 4.7E-03    3.4  3.4  ARMSTRONG 72     PR D5, 1640
 64   0.92400    0.92400    0.92400    0.19300    1.9E-02 1.9E-02    0.0  0.0  HILPERT 68       PL 27B, 474
 65   0.92900    0.92900    0.92900    0.23360    1.8E-02 1.8E-02    8.0  8.0  BLOOM 69         SLAC-PUB-0653
 66   0.94000    0.94000    0.94000    0.20500    4.6E-03 4.6E-03    3.4  3.4  ARMSTRONG 72     PR D5, 1640
 67   0.95600    0.95600    0.95600    0.21170    1.6E-02 1.6E-02    8.0  8.0  BLOOM 69         SLAC-PUB-0653
 68   0.96500    0.96500    0.96500    0.20150    4.8E-03 4.8E-03    3.4  3.4  ARMSTRONG 72     PR D5, 1640
 69   0.98200    0.98200    0.98200    0.22100    1.5E-02 1.5E-02    8.0  8.0  BLOOM 69         SLAC-PUB-0653
 70   0.99000    0.99000    0.99000    0.21210    4.9E-03 4.9E-03    3.4  3.4  ARMSTRONG 72     PR D5, 1640
 71   1.00800    1.00800    1.00800    0.23240    1.5E-02 1.5E-02    8.0  8.0  BLOOM 69         SLAC-PUB-0653
 72   1.01500    1.01500    1.01500    0.21750    5.0E-03 5.0E-03    3.4  3.4  ARMSTRONG 72     PR D5, 1640
 73   1.03500    1.03500    1.03500    0.22340    1.6E-02 1.6E-02    8.0  8.0  BLOOM 69         SLAC-PUB-0653
 74   1.04000    1.04000    1.04000    0.21520    4.9E-03 4.9E-03    3.4  3.4  ARMSTRONG 72     PR D5, 1640
 75   1.06200    1.06200    1.06200    0.24160    1.7E-02 1.7E-02    8.0  8.0  BLOOM 69         SLAC-PUB-0653
 76   1.06500    1.06500    1.06500    0.19170    5.0E-03 5.0E-03    3.4  3.4  ARMSTRONG 72     PR D5, 1640
 77   1.08900    1.08900    1.08900    0.23240    1.8E-02 1.8E-02    8.0  8.0  BLOOM 69         SLAC-PUB-0653
 78   1.09000    1.09000    1.09000    0.19110    5.0E-03 5.0E-03    3.4  3.4  ARMSTRONG 72     PR D5, 1640
 79   1.11500    1.11500    1.11500    0.17470    5.0E-03 5.0E-03    3.4  3.4  ARMSTRONG 72     PR D5, 1640
 80   1.11700    1.11700    1.11700    0.22380    1.6E-02 1.6E-02    8.0  8.0  BLOOM 69         SLAC-PUB-0653
 81   1.14000    1.14000    1.14000    0.16500    4.8E-03 4.8E-03    3.4  3.4  ARMSTRONG 72     PR D5, 1640
 82   1.14400    1.14400    1.14400    0.20790    1.5E-02 1.5E-02    8.0  8.0  BLOOM 69         SLAC-PUB-0653
 83   1.15000    1.15000    1.15000    0.18210    7.8E-03 7.8E-03    1.2  1.2  MEYER 70         PL 33B, 189
 84   1.16500    1.16500    1.16500    0.15870    4.9E-03 4.9E-03    3.4  3.4  ARMSTRONG 72     PR D5, 1640
 85   1.17200    1.17200    1.17200    0.15930    1.7E-02 1.7E-02    8.0  8.0  BLOOM 69         SLAC-PUB-0653
 86   1.19000    1.19000    1.19000    0.16220    5.0E-03 5.0E-03    3.4  3.4  ARMSTRONG 72     PR D5, 1640
 87   1.20000    1.20000    1.20000    0.18410    1.8E-02 1.8E-02    8.0  8.0  BLOOM 69         SLAC-PUB-0653
 88   1.21500    1.21500    1.21500    0.14960    4.8E-03 4.8E-03    3.4  3.4  ARMSTRONG 72     PR D5, 1640
 89   1.22900    1.22900    1.22900    0.17530    1.5E-02 1.5E-02    8.0  8.0  BLOOM 69         SLAC-PUB-0653
 90   1.24000    1.24000    1.24000    0.14860    5.0E-03 5.0E-03    3.4  3.4  ARMSTRONG 72     PR D5, 1640
 91   1.25800    1.25800    1.25800    0.15260    1.5E-02 1.5E-02    8.0  8.0  BLOOM 69         SLAC-PUB-0653
 92   1.26500    1.26500    1.26500    0.14380    4.9E-03 4.9E-03    3.4  3.4  ARMSTRONG 72     PR D5, 1640
 93   1.28600    1.28600    1.28600    0.15560    1.6E-02 1.6E-02    8.0  8.0  BLOOM 69         SLAC-PUB-0653
 94   1.29000    1.29000    1.29000    0.15560    4.7E-03 4.7E-03    3.4  3.4  ARMSTRONG 72     PR D5, 1640
 95   1.31500    1.31500    1.31500    0.15000    1.4E-02 1.4E-02    0.0  0.0  HILPERT 68       PL 27B, 474
 96   1.31500    1.31500    1.31500    0.14680    4.9E-03 4.9E-03    3.4  3.4  ARMSTRONG 72     PR D5, 1640
 97   1.31600    1.31600    1.31600    0.18060    1.6E-02 1.6E-02    8.0  8.0  BLOOM 69         SLAC-PUB-0653
 98   1.34000    1.34000    1.34000    0.15360    4.8E-03 4.8E-03    3.4  3.4  ARMSTRONG 72     PR D5, 1640
 99   1.34500    1.34500    1.34500    0.15990    1.6E-02 1.6E-02    8.0  8.0  BLOOM 69         SLAC-PUB-0653
 100  1.36500    1.36500    1.36500    0.15440    5.0E-03 5.0E-03    3.4  3.4  ARMSTRONG 72     PR D5, 1640
 101  1.37500    1.37500    1.37500    0.16430    1.7E-02 1.7E-02    8.0  8.0  BLOOM 69         SLAC-PUB-0653
 102  1.39000    1.39000    1.39000    0.15360    5.4E-03 5.4E-03    3.4  3.4  ARMSTRONG 72     PR D5, 1640
 103  1.40400    1.40400    1.40400    0.11600    1.7E-02 1.7E-02    8.0  8.0  BLOOM 69         SLAC-PUB-0653
 104  1.41500    1.41500    1.41500    0.14680    5.2E-03 5.2E-03    3.4  3.4  ARMSTRONG 72     PR D5, 1640
 105  1.43500    1.43500    1.43500    0.19680    1.6E-02 1.6E-02    8.0  8.0  BLOOM 69         SLAC-PUB-0653
 106  1.44000    1.44000    1.44000    0.15350    5.3E-03 5.3E-03    3.4  3.4  ARMSTRONG 72     PR D5, 1640
 107  1.45000    1.45000    1.45000    0.15370    6.3E-03 6.3E-03    1.2  1.2  MEYER 70         PL 33B, 189
 108  1.46500    1.46500    1.46500    0.17080    1.4E-02 1.4E-02    8.0  8.0  BLOOM 69         SLAC-PUB-0653
 109  1.46500    1.46500    1.46500    0.14420    5.4E-03 5.4E-03    3.4  3.4  ARMSTRONG 72     PR D5, 1640
 110  1.49000    1.49000    1.49000    0.15150    5.2E-03 5.2E-03    3.4  3.4  ARMSTRONG 72     PR D5, 1640
 111  1.49500    1.49500    1.49500    0.15810    1.4E-02 1.4E-02    8.0  8.0  BLOOM 69         SLAC-PUB-0653
 112  1.50000    1.50000    1.50000    0.15100    9.0E-03 9.0E-03    0.0  0.0  DIETERLE 69      PRL 23, 1191
 113  1.51500    1.51500    1.51500    0.15590    5.3E-03 5.3E-03    3.4  3.4  ARMSTRONG 72     PR D5, 1640
 114  1.52600    1.52600    1.52600    0.17540    1.6E-02 1.6E-02    8.0  8.0  BLOOM 69         SLAC-PUB-0653
 115  1.54000    1.54000    1.54000    0.15410    5.1E-03 5.1E-03    3.4  3.4  ARMSTRONG 72     PR D5, 1640
 116  1.55700    1.55700    1.55700    0.16500    1.6E-02 1.6E-02    8.0  8.0  BLOOM 69         SLAC-PUB-0653
 117  1.56500    1.56500    1.56500    0.14610    5.1E-03 5.1E-03    3.4  3.4  ARMSTRONG 72     PR D5, 1640
 118  1.58900    1.58900    1.58900    0.16370    1.5E-02 1.5E-02    8.0  8.0  BLOOM 69         SLAC-PUB-0653
 119  1.59000    1.59000    1.59000    0.13880    5.1E-03 5.1E-03    3.4  3.4  ARMSTRONG 72     PR D5, 1640
 120  1.61500    1.61500    1.61500    0.15650    5.1E-03 5.1E-03    3.4  3.4  ARMSTRONG 72     PR D5, 1640
 121  1.62000    1.62000    1.62000    0.16400    1.5E-02 1.5E-02    8.0  8.0  BLOOM 69         SLAC-PUB-0653
 122  1.64000    1.64000    1.64000    0.15020    5.0E-03 5.0E-03    3.4  3.4  ARMSTRONG 72     PR D5, 1640
 123  1.65200    1.65200    1.65200    0.14170    1.4E-02 1.4E-02    8.0  8.0  BLOOM 69         SLAC-PUB-0653
 124  1.66500    1.66500    1.66500    0.15030    4.0E-03 4.0E-03    3.4  3.4  ARMSTRONG 72     PR D5, 1640
 125  1.68400    1.68400    1.68400    0.14230    1.4E-02 1.4E-02    8.0  8.0  BLOOM 69         SLAC-PUB-0653
 126  1.69000    1.69000    1.69000    0.14540    3.9E-03 3.9E-03    3.4  3.4  ARMSTRONG 72     PR D5, 1640
 127  1.71500    1.71500    1.71500    0.13890    3.7E-03 3.7E-03    3.4  3.4  ARMSTRONG 72     PR D5, 1640
 128  1.74000    1.74000    1.74000    0.14450    3.9E-03 3.9E-03    3.4  3.4  ARMSTRONG 72     PR D5, 1640
 129  1.75000    1.75000    1.75000    0.14600    6.4E-03 6.4E-03    1.2  1.2  MEYER 70         PL 33B, 189
 130  1.76500    1.76500    1.76500    0.14250    4.4E-03 4.4E-03    3.4  3.4  ARMSTRONG 72     PR D5, 1640
 131  1.79000    1.79000    1.79000    0.14150    4.5E-03 4.5E-03    3.4  3.4  ARMSTRONG 72     PR D5, 1640
 132  1.81500    1.81500    1.81500    0.14240    4.7E-03 4.7E-03    3.4  3.4  ARMSTRONG 72     PR D5, 1640
 133  1.84000    1.84000    1.84000    0.14320    4.4E-03 4.4E-03    3.4  3.4  ARMSTRONG 72     PR D5, 1640
 134  1.86500    1.86500    1.86500    0.14860    4.4E-03 4.4E-03    3.4  3.4  ARMSTRONG 72     PR D5, 1640
 135  1.89000    1.89000    1.89000    0.15390    4.7E-03 4.7E-03    3.4  3.4  ARMSTRONG 72     PR D5, 1640
 136  1.91500    1.91500    1.91500    0.13540    4.6E-03 4.6E-03    3.4  3.4  ARMSTRONG 72     PR D5, 1640
 137  1.92000    1.92000    1.92000    0.11500    1.2E-02 1.2E-02    0.0  0.0  HILPERT 68       PL 27B, 474
 138  1.94000    1.94000    1.94000    0.14800    4.9E-03 4.9E-03    3.4  3.4  ARMSTRONG 72     PR D5, 1640
 139  1.96500    1.96500    1.96500    0.14430    4.7E-03 4.7E-03    3.4  3.4  ARMSTRONG 72     PR D5, 1640
 140  1.99000    1.99000    1.99000    0.14350    4.7E-03 4.7E-03    3.4  3.4  ARMSTRONG 72     PR D5, 1640
 141  2.00000    2.00000    2.00000    0.14320    2.7E-03 2.7E-03    4.0  4.0  MICHALOWSKI 77   PRL 39, 737
 142  2.01500    2.01500    2.01500    0.14910    4.8E-03 4.8E-03    3.0  3.0  ARMSTRONG 72     PR D5, 1640
 143  2.04000    2.04000    2.04000    0.14350    5.2E-03 5.2E-03    3.0  3.0  ARMSTRONG 72     PR D5, 1640
 144  2.05000    2.05000    2.05000    0.14850    6.7E-03 6.7E-03    1.2  1.2  MEYER 70         PL 33B, 189
 145  2.06500    2.06500    2.06500    0.13800    5.3E-03 5.3E-03    3.0  3.0  ARMSTRONG 72     PR D5, 1640
 146  2.09000    2.09000    2.09000    0.13170    5.3E-03 5.3E-03    3.0  3.0  ARMSTRONG 72     PR D5, 1640
 147  2.11500    2.11500    2.11500    0.14450    5.2E-03 5.2E-03    3.0  3.0  ARMSTRONG 72     PR D5, 1640
 148  2.14000    2.14000    2.14000    0.13750    5.3E-03 5.3E-03    3.0  3.0  ARMSTRONG 72     PR D5, 1640
 149  2.16500    2.16500    2.16500    0.14490    5.3E-03 5.3E-03    3.0  3.0  ARMSTRONG 72     PR D5, 1640
 150  2.19000    2.19000    2.19000    0.13590    5.3E-03 5.3E-03    3.0  3.0  ARMSTRONG 72     PR D5, 1640
 151  2.21500    2.21500    2.21500    0.13830    5.4E-03 5.4E-03    3.0  3.0  ARMSTRONG 72     PR D5, 1640
 152  2.24000    2.24000    2.24000    0.13900    5.5E-03 5.5E-03    3.0  3.0  ARMSTRONG 72     PR D5, 1640
 153  2.25300    2.25300    2.25300    0.14630    8.0E-03 8.0E-03    6.6  6.6  BLOOM 69         SLAC-PUB-0653
 154  2.26500    2.26500    2.26500    0.13610    5.5E-03 5.5E-03    3.0  3.0  ARMSTRONG 72     PR D5, 1640
 155  2.29000    2.29000    2.29000    0.12860    5.5E-03 5.5E-03    3.0  3.0  ARMSTRONG 72     PR D5, 1640
 156  2.31500    2.31500    2.31500    0.13590    5.6E-03 5.6E-03    3.0  3.0  ARMSTRONG 72     PR D5, 1640
 157  2.34000    2.34000    2.34000    0.13950    5.8E-03 5.8E-03    3.0  3.0  ARMSTRONG 72     PR D5, 1640
 158  2.35000    2.35000    2.35000    0.14420    8.0E-03 8.0E-03    1.2  1.2  MEYER 70         PL 33B, 189
 159  2.36500    2.36500    2.36500    0.13270    5.5E-03 5.5E-03    3.0  3.0  ARMSTRONG 72     PR D5, 1640
 160  2.39000    2.39000    2.39000    0.13870    5.6E-03 5.6E-03    3.0  3.0  ARMSTRONG 72     PR D5, 1640
 161  2.41500    2.41500    2.41500    0.14310    5.7E-03 5.7E-03    3.0  3.0  ARMSTRONG 72     PR D5, 1640
 162  2.44000    2.44000    2.44000    0.14030    5.8E-03 5.8E-03    3.0  3.0  ARMSTRONG 72     PR D5, 1640
 163  2.46500    2.46500    2.46500    0.14040    5.6E-03 5.6E-03    3.0  3.0  ARMSTRONG 72     PR D5, 1640
 164  2.49000    2.49000    2.49000    0.13890    6.1E-03 6.1E-03    3.0  3.0  ARMSTRONG 72     PR D5, 1640
 165  2.50000    2.50000    2.50000    0.13400    8.0E-03 8.0E-03    0.0  0.0  DIETERLE 69      PRL 23, 1191
 166  2.51500    2.51500    2.51500    0.14100    5.8E-03 5.8E-03    3.0  3.0  ARMSTRONG 72     PR D5, 1640
 167  2.54000    2.54000    2.54000    0.13040    5.8E-03 5.8E-03    3.0  3.0  ARMSTRONG 72     PR D5, 1640
 168  2.56500    2.56500    2.56500    0.13630    5.7E-03 5.7E-03    3.0  3.0  ARMSTRONG 72     PR D5, 1640
 169  2.59000    2.59000    2.59000    0.12410    7.7E-03 7.7E-03    3.0  3.0  ARMSTRONG 72     PR D5, 1640
 170  2.61500    2.61500    2.61500    0.12840    7.0E-03 7.0E-03    3.0  3.0  ARMSTRONG 72     PR D5, 1640
 171  2.64000    2.64000    2.64000    0.12990    7.7E-03 7.7E-03    3.0  3.0  ARMSTRONG 72     PR D5, 1640
 172  2.65000    2.65000    2.65000    0.14200    9.5E-03 9.5E-03    1.2  1.2  MEYER 70         PL 33B, 189
 173  2.66500    2.66500    2.66500    0.13250    7.3E-03 7.3E-03    3.0  3.0  ARMSTRONG 72     PR D5, 1640
 174  2.69000    2.69000    2.69000    0.13430    5.9E-03 5.9E-03    3.0  3.0  ARMSTRONG 72     PR D5, 1640
 175  2.71500    2.71500    2.71500    0.13870    6.0E-03 6.0E-03    3.0  3.0  ARMSTRONG 72     PR D5, 1640
 176  2.74000    2.74000    2.74000    0.13280    6.1E-03 6.1E-03    3.0  3.0  ARMSTRONG 72     PR D5, 1640
 177  2.76500    2.76500    2.76500    0.14440    4.3E-03 4.3E-03    3.0  3.0  ARMSTRONG 72     PR D5, 1640
 178  2.79000    2.79000    2.79000    0.13340    4.1E-03 4.1E-03    3.0  3.0  ARMSTRONG 72     PR D5, 1640
 179  2.80000    2.40000    3.30000    0.13200    3.0E-03 3.0E-03    0.0  0.0  BALLAM 72        PR D5, 545
 180  2.81500    2.81500    2.81500    0.13620    3.8E-03 3.8E-03    3.0  3.0  ARMSTRONG 72     PR D5, 1640
 181  2.84000    2.84000    2.84000    0.13020    4.0E-03 4.0E-03    3.0  3.0  ARMSTRONG 72     PR D5, 1640
 182  2.86500    2.86500    2.86500    0.13380    3.7E-03 3.7E-03    3.0  3.0  ARMSTRONG 72     PR D5, 1640
 183  2.88800    2.88800    2.88800    0.14820    5.0E-03 5.0E-03    6.6  6.6  BLOOM 69         SLAC-PUB-0653
 184  2.89000    2.89000    2.89000    0.13390    3.8E-03 3.8E-03    3.0  3.0  ARMSTRONG 72     PR D5, 1640
 185  2.89500    2.89500    2.89500    0.11100    1.2E-02 1.2E-02    0.0  0.0  HILPERT 68       PL 27B, 474
 186  2.91500    2.91500    2.91500    0.13040    3.9E-03 3.9E-03    3.0  3.0  ARMSTRONG 72     PR D5, 1640
 187  2.94000    2.94000    2.94000    0.13140    4.0E-03 4.0E-03    3.0  3.0  ARMSTRONG 72     PR D5, 1640
 188  2.95000    2.95000    2.95000    0.12980    6.9E-03 6.9E-03    1.2  1.2  MEYER 70         PL 33B, 189
 189  2.96500    2.96500    2.96500    0.12870    4.0E-03 4.0E-03    3.0  3.0  ARMSTRONG 72     PR D5, 1640
 190  2.99000    2.99000    2.99000    0.14040    4.0E-03 4.0E-03    3.0  3.0  ARMSTRONG 72     PR D5, 1640
 191  3.01500    3.01500    3.01500    0.13830    4.1E-03 4.1E-03    3.0  3.0  ARMSTRONG 72     PR D5, 1640
 192  3.04000    3.04000    3.04000    0.12920    4.3E-03 4.3E-03    3.0  3.0  ARMSTRONG 72     PR D5, 1640
 193  3.06500    3.06500    3.06500    0.14360    4.0E-03 4.0E-03    3.0  3.0  ARMSTRONG 72     PR D5, 1640
 194  3.09000    3.09000    3.09000    0.12800    4.2E-03 4.2E-03    3.0  3.0  ARMSTRONG 72     PR D5, 1640
 195  3.11500    3.11500    3.11500    0.13260    4.0E-03 4.0E-03    3.0  3.0  ARMSTRONG 72     PR D5, 1640
 196  3.14000    3.14000    3.14000    0.13210    4.4E-03 4.4E-03    3.0  3.0  ARMSTRONG 72     PR D5, 1640
 197  3.16500    3.16500    3.16500    0.12680    5.0E-03 5.0E-03    3.0  3.0  ARMSTRONG 72     PR D5, 1640
 198  3.19000    3.19000    3.19000    0.12780    5.1E-03 5.1E-03    3.0  3.0  ARMSTRONG 72     PR D5, 1640
 199  3.21500    3.21500    3.21500    0.12430    4.9E-03 4.9E-03    3.0  3.0  ARMSTRONG 72     PR D5, 1640
 200  3.24000    3.24000    3.24000    0.12390    4.9E-03 4.9E-03    3.0  3.0  ARMSTRONG 72     PR D5, 1640
 201  3.25000    3.25000    3.25000    0.13270    6.0E-03 6.0E-03    1.2  1.2  MEYER 70         PL 33B, 189
 202  3.26500    3.26500    3.26500    0.12710    5.2E-03 5.2E-03    3.0  3.0  ARMSTRONG 72     PR D5, 1640
 203  3.27000    3.27000    3.27000    0.12680    2.2E-03 2.2E-03    4.0  4.0  MICHALOWSKI 77   PRL 39, 737
 204  3.29000    3.29000    3.29000    0.12130    5.0E-03 5.0E-03    3.0  3.0  ARMSTRONG 72     PR D5, 1640
 205  3.31500    3.31500    3.31500    0.13380    5.1E-03 5.1E-03    3.0  3.0  ARMSTRONG 72     PR D5, 1640
 206  3.34000    3.34000    3.34000    0.12870    5.1E-03 5.1E-03    3.0  3.0  ARMSTRONG 72     PR D5, 1640
 207  3.36500    3.36500    3.36500    0.13430    5.2E-03 5.2E-03    3.0  3.0  ARMSTRONG 72     PR D5, 1640
 208  3.39000    3.39000    3.39000    0.12310    5.1E-03 5.1E-03    3.0  3.0  ARMSTRONG 72     PR D5, 1640
 209  3.41500    3.41500    3.41500    0.13170    5.4E-03 5.4E-03    3.0  3.0  ARMSTRONG 72     PR D5, 1640
 210  3.44000    3.44000    3.44000    0.12140    5.3E-03 5.3E-03    3.0  3.0  ARMSTRONG 72     PR D5, 1640
 211  3.46500    3.46500    3.46500    0.13700    5.2E-03 5.2E-03    3.0  3.0  ARMSTRONG 72     PR D5, 1640
 212  3.49000    3.49000    3.49000    0.12320    5.2E-03 5.2E-03    3.0  3.0  ARMSTRONG 72     PR D5, 1640
 213  3.51500    3.51500    3.51500    0.13010    5.4E-03 5.4E-03    3.0  3.0  ARMSTRONG 72     PR D5, 1640
 214  3.54000    3.54000    3.54000    0.13480    5.4E-03 5.4E-03    3.0  3.0  ARMSTRONG 72     PR D5, 1640
 215  3.55000    3.55000    3.55000    0.12720    6.2E-03 6.2E-03    1.2  1.2  MEYER 70         PL 33B, 189
 216  3.56500    3.56500    3.56500    0.12940    5.3E-03 5.3E-03    3.0  3.0  ARMSTRONG 72     PR D5, 1640
 217  3.59000    3.59000    3.59000    0.12780    6.0E-03 6.0E-03    3.0  3.0  ARMSTRONG 72     PR D5, 1640
 218  3.59000    3.59000    3.59000    0.14170    5.0E-03 5.0E-03    5.9  5.9  BLOOM 69         SLAC-PUB-0653
 219  3.61500    3.61500    3.61500    0.12270    5.7E-03 5.7E-03    3.0  3.0  ARMSTRONG 72     PR D5, 1640
 220  3.64000    3.64000    3.64000    0.12180    5.5E-03 5.5E-03    3.0  3.0  ARMSTRONG 72     PR D5, 1640
 221  3.66500    3.66500    3.66500    0.11980    5.6E-03 5.6E-03    3.0  3.0  ARMSTRONG 72     PR D5, 1640
 222  3.69000    3.69000    3.69000    0.11930    5.7E-03 5.7E-03    3.0  3.0  ARMSTRONG 72     PR D5, 1640
 223  3.71500    3.71500    3.71500    0.13420    5.4E-03 5.4E-03    3.0  3.0  ARMSTRONG 72     PR D5, 1640
 224  3.74000    3.74000    3.74000    0.13230    5.5E-03 5.5E-03    3.0  3.0  ARMSTRONG 72     PR D5, 1640
 225  3.76500    3.76500    3.76500    0.12480    5.8E-03 5.8E-03    3.0  3.0  ARMSTRONG 72     PR D5, 1640
 226  3.79000    3.79000    3.79000    0.12200    5.6E-03 5.6E-03    3.0  3.0  ARMSTRONG 72     PR D5, 1640
 227  3.81500    3.81500    3.81500    0.11390    5.5E-03 5.5E-03    3.0  3.0  ARMSTRONG 72     PR D5, 1640
 228  3.84000    3.84000    3.84000    0.12710    6.0E-03 6.0E-03    3.0  3.0  ARMSTRONG 72     PR D5, 1640
 229  3.85000    3.85000    3.85000    0.13460    6.4E-03 6.4E-03    1.2  1.2  MEYER 70         PL 33B, 189
 230  3.86500    3.86500    3.86500    0.12240    5.9E-03 5.9E-03    3.0  3.0  ARMSTRONG 72     PR D5, 1640
 231  3.89000    3.89000    3.89000    0.13470    5.9E-03 5.9E-03    3.0  3.0  ARMSTRONG 72     PR D5, 1640
 232  3.91500    3.91500    3.91500    0.12490    5.7E-03 5.7E-03    3.0  3.0  ARMSTRONG 72     PR D5, 1640
 233  3.94000    3.94000    3.94000    0.11630    5.8E-03 5.8E-03    3.0  3.0  ARMSTRONG 72     PR D5, 1640
 234  3.96500    3.96500    3.96500    0.13620    6.1E-03 6.1E-03    3.0  3.0  ARMSTRONG 72     PR D5, 1640
 235  3.99000    3.99000    3.99000    0.12360    6.3E-03 6.3E-03    3.0  3.0  ARMSTRONG 72     PR D5, 1640
 236  4.00000    4.00000    4.00000    0.12700    8.0E-03 8.0E-03    0.0  0.0  DIETERLE 69      PRL 23, 1191
 237  4.01500    4.01500    4.01500    0.14620    6.3E-03 6.3E-03    3.0  3.0  ARMSTRONG 72     PR D5, 1640
 238  4.04000    4.04000    4.04000    0.13560    6.3E-03 6.3E-03    3.0  3.0  ARMSTRONG 72     PR D5, 1640
 239  4.06500    4.06500    4.06500    0.11980    6.6E-03 6.6E-03    3.0  3.0  ARMSTRONG 72     PR D5, 1640
 240  4.07000    3.57000    4.57000    0.13140    2.7E-03 2.7E-03    0.0  0.0  CALDWELL 73      PR D7, 1362
 241  4.09000    4.09000    4.09000    0.14190    6.8E-03 6.8E-03    3.0  3.0  ARMSTRONG 72     PR D5, 1640
 242  4.11500    4.11500    4.11500    0.13240    6.9E-03 6.9E-03    3.0  3.0  ARMSTRONG 72     PR D5, 1640
 243  4.14000    4.14000    4.14000    0.12880    6.5E-03 6.5E-03    3.0  3.0  ARMSTRONG 72     PR D5, 1640
 244  4.15000    4.15000    4.15000    0.13150    6.6E-03 6.6E-03    1.2  1.2  MEYER 70         PL 33B, 189
 245  4.16500    4.16500    4.16500    0.13360    6.8E-03 6.8E-03    3.0  3.0  ARMSTRONG 72     PR D5, 1640
 246  4.19000    4.19000    4.19000    0.13350    7.2E-03 7.2E-03    3.0  3.0  ARMSTRONG 72     PR D5, 1640
 247  4.21500    4.21500    4.21500    0.12660    6.9E-03 6.9E-03    3.0  3.0  ARMSTRONG 72     PR D5, 1640
 248  4.35900    4.35900    4.35900    0.13680    5.0E-03 5.0E-03    6.0  6.0  BLOOM 69         SLAC-PUB-0653
 249  4.44000    4.44000    4.44000    0.11600    1.2E-02 1.2E-02    0.0  0.0  HILPERT 68       PL 27B, 474
 250  4.45000    4.45000    4.45000    0.12470    5.8E-03 5.8E-03    1.2  1.2  MEYER 70         PL 33B, 189
 251  4.70000    4.10000    5.30000    0.12700    3.0E-03 3.0E-03    0.0  0.0  BALLAM 72        PR D5, 545
 252  4.75000    4.75000    4.75000    0.12420    5.4E-03 5.4E-03    1.2  1.2  MEYER 70         PL 33B, 189
 253  4.81000    4.81000    4.81000    0.12180    2.2E-03 2.2E-03    4.0  4.0  MICHALOWSKI 77   PRL 39, 737
 254  5.05000    5.05000    5.05000    0.12180    4.5E-03 4.5E-03    1.2  1.2  MEYER 70         PL 33B, 189
 255  5.17000    4.57000    5.77000    0.12810    2.4E-03 2.4E-03    0.0  0.0  CALDWELL 73      PR D7, 1362
 256  5.19500    5.19500    5.19500    0.13420    5.0E-03 5.0E-03    5.8  5.8  BLOOM 69         SLAC-PUB-0653
 257  5.35000    5.35000    5.35000    0.12210    6.0E-03 6.0E-03    1.2  1.2  MEYER 70         PL 33B, 189
 258  5.65000    5.65000    5.65000    0.11840    5.0E-03 5.0E-03    1.2  1.2  MEYER 70         PL 33B, 189
 259  5.75000    5.75000    5.75000    0.12500    1.1E-02 1.1E-02    0.0  0.0  DIETERLE 69      PRL 23, 1191
 260  5.95000    5.95000    5.95000    0.12360    5.5E-03 5.5E-03    1.2  1.2  MEYER 70         PL 33B, 189
 261  6.09700    6.09700    6.09700    0.13320    5.0E-03 5.0E-03    6.6  6.6  BLOOM 69         SLAC-PUB-0653
 262  6.21000    6.21000    6.21000    0.11590    2.2E-03 2.2E-03    4.0  4.0  MICHALOWSKI 77   PRL 39, 737
 263  6.25000    6.25000    6.25000    0.12210    5.6E-03 5.6E-03    1.2  1.2  MEYER 70         PL 33B, 189
 264  6.57000    5.77000    7.37000    0.12190    2.2E-03 2.2E-03    0.0  0.0  CALDWELL 73      PR D7, 1362
 265  7.06500    7.06500    7.06500    0.13400    6.0E-03 6.0E-03    7.5  7.5  BLOOM 69         SLAC-PUB-0653
 266  7.50000    7.10000    7.90000    0.12600    1.7E-02 1.7E-02    0.0  0.0  BALLAM 68        PRL 21, 1544
 267  7.50000    7.50000    7.50000    0.12200    8.0E-03 8.0E-03    0.0  0.0  ALEXANDER 74     NP B68, 1
 268  7.79000    7.79000    7.79000    0.12380    2.4E-03 2.4E-03    4.0  4.0  MICHALOWSKI 77   PRL 39, 737
 269  8.10000    8.10000    8.10000    0.12520    6.0E-03 6.0E-03    8.6  8.6  BLOOM 69         SLAC-PUB-0653
 270  8.43000    7.43000    9.43000    0.12000    2.2E-03 2.2E-03    0.0  0.0  CALDWELL 73      PR D7, 1362
 271  9.20200    9.20200    9.20200    0.13360    8.0E-03 8.0E-03    7.0  7.0  BLOOM 69         SLAC-PUB-0653
 272  9.30000    8.00000    10.30000   0.12400    2.5E-03 2.5E-03    6.4  6.4  BINGHAM 73       PR D8, 1277
 273  9.51000    9.51000    9.51000    0.11410    2.8E-03 2.8E-03    4.0  4.0  MICHALOWSKI 77   PRL 39, 737
 274  9.83000    8.63000    11.03000   0.12040    2.2E-03 2.2E-03    0.0  0.0  CALDWELL 73      PR D7, 1362
 275  10.37100   10.37100   10.37100   0.13040    7.0E-03 7.0E-03    6.6  6.6  BLOOM 69         SLAC-PUB-0653
 276  10.71000   9.41000    12.01000   0.12360    2.2E-03 2.2E-03    0.0  0.0  CALDWELL 73      PR D7, 1362
 277  11.60600   11.60600   11.60600   0.12830    9.0E-03 9.0E-03    7.6  7.6  BLOOM 69         SLAC-PUB-0653
 278  12.49000   10.99000   13.99000   0.11770    2.2E-03 2.2E-03    0.0  0.0  CALDWELL 73      PR D7, 1362
 279  12.90700   12.90700   12.90700   0.11930    1.2E-02 1.2E-02    11.  11.  BLOOM 69         SLAC-PUB-0653
 280  13.61000   12.01000   15.21000   0.11460    2.5E-03 2.5E-03    0.0  0.0  CALDWELL 73      PR D7, 1362
 281  14.27600   14.27600   14.27600   0.11210    1.8E-02 1.8E-02    24.  24.  BLOOM 69         SLAC-PUB-0653
 282  15.70000   15.70000   15.70000   0.13990    2.5E-02 2.5E-02    23.  23.  BLOOM 69         SLAC-PUB-0653
 283  16.38000   14.38000   18.38000   0.11360    2.6E-03 2.6E-03    0.0  0.0  CALDWELL 73      PR D7, 1362
 284  18.30000   18.30000   18.30000   0.11691    7.0E-04 7.0E-04    0.7  0.7  CALDWELL 78      PRL 40, 1222
 285  23.20000   23.20000   23.20000   0.11537    7.4E-04 7.4E-04    0.7  0.7  CALDWELL 78      PRL 40, 1222
 286  27.70000   27.70000   27.70000   0.11374    1.0E-03 1.0E-03    0.7  0.7  CALDWELL 78      PRL 40, 1222
 287  30.90000   30.90000   30.90000   0.11434    1.1E-03 1.1E-03    0.7  0.7  CALDWELL 78      PRL 40, 1222
 288  31.40000   31.40000   31.40000   0.11419    5.5E-04 5.5E-04    0.7  0.7  CALDWELL 78      PRL 40, 1222
 289  34.20000   34.20000   34.20000   0.11484    1.1E-03 1.1E-03    0.7  0.7  CALDWELL 78      PRL 40, 1222
 290  36.50000   36.50000   36.50000   0.11218    1.4E-03 1.4E-03    0.7  0.7  CALDWELL 78      PRL 40, 1222
 291  37.90000   37.90000   37.90000   0.11350    6.0E-04 6.0E-04    0.7  0.7  CALDWELL 78      PRL 40, 1222
 292  43.90000   43.90000   43.90000   0.11457    8.3E-04 8.3E-04    0.7  0.7  CALDWELL 78      PRL 40, 1222
 293  44.50000   44.50000   44.50000   0.11484    5.0E-04 5.0E-04    0.7  0.7  CALDWELL 78      PRL 40, 1222
 294  48.40000   48.40000   48.40000   0.11457    8.7E-04 8.7E-04    0.7  0.7  CALDWELL 78      PRL 40, 1222
 295  52.60000   52.60000   52.60000   0.11425    8.8E-04 8.8E-04    0.7  0.7  CALDWELL 78      PRL 40, 1222
 296  54.90000   54.90000   54.90000   0.11311    5.4E-04 5.4E-04    0.7  0.7  CALDWELL 78      PRL 40, 1222
 297  55.60000   55.60000   55.60000   0.11406    1.4E-03 1.4E-03    0.7  0.7  CALDWELL 78      PRL 40, 1222
 298  64.30001   64.30001   64.30001   0.11481    7.6E-04 7.6E-04    0.7  0.7  CALDWELL 78      PRL 40, 1222
 299  67.90000   67.90000   67.90000   0.11458    5.6E-04 5.6E-04    0.7  0.7  CALDWELL 78      PRL 40, 1222
 300  71.40000   71.40000   71.40000   0.11400    7.9E-04 7.9E-04    0.7  0.7  CALDWELL 78      PRL 40, 1222
 301  77.90000   77.90000   77.90000   0.11402    7.9E-04 7.9E-04    0.7  0.7  CALDWELL 78      PRL 40, 1222
 302  82.40000   82.40000   82.40000   0.11661    1.0E-03 1.0E-03    0.7  0.7  CALDWELL 78      PRL 40, 1222
 303  83.90000   83.90000   83.90000   0.11589    6.1E-04 6.1E-04    0.7  0.7  CALDWELL 78      PRL 40, 1222
 304  98.60000   98.60000   98.60000   0.11559    8.9E-04 8.9E-04    0.7  0.7  CALDWELL 78      PRL 40, 1222
 305  98.90000   98.90000   98.90000   0.11585    7.4E-04 7.4E-04    0.7  0.7  CALDWELL 78      PRL 40, 1222
 306  109.10000  109.10000  109.10000  0.11382    8.9E-04 8.9E-04    0.7  0.7  CALDWELL 78      PRL 40, 1222
 307  118.80001  118.80001  118.80001  0.11652    9.9E-04 9.9E-04    0.7  0.7  CALDWELL 78      PRL 40, 1222
 308  121.80001  121.80001  121.80001  0.11637    8.7E-04 8.7E-04    0.7  0.7  CALDWELL 78      PRL 40, 1222
 309  126.00000  126.00000  126.00000  0.11430    1.1E-03 1.1E-03    0.7  0.7  CALDWELL 78      PRL 40, 1222
 310  142.00000  142.00000  142.00000  0.11580    1.3E-03 1.3E-03    0.7  0.7  CALDWELL 78      PRL 40, 1222
 311  157.80000  157.80000  157.80000  0.11978    1.3E-03 1.3E-03    0.7  0.7  CALDWELL 78      PRL 40, 1222
 312  172.19999  172.19999  172.19999  0.11637    1.3E-03 1.3E-03    0.7  0.7  CALDWELL 78      PRL 40, 1222
 313  182.69999  182.69999  182.69999  0.11849    1.6E-03 1.6E-03    0.7  0.7  CALDWELL 78      PRL 40, 1222
 314  1097.91418 1097.91418 1097.91418 0.12800    1.4E-02 1.4E-02    0.0  0.0  VERESHKOV 03     YF 66, 591         W
 315  1547.70471 1547.70471 1547.70471 0.14600    1.5E-02 1.5E-02    0.0  0.0  VERESHKOV 03     YF 66, 591         W
 316  3029.12817 3029.12817 3029.12817 0.14800    2.3E-02 2.3E-02    0.0  0.0  VERESHKOV 03     YF 66, 591         W
 317  9496.93066 9496.93066 9496.93066 0.15200    8.0E-02 8.0E-02    0.0  0.0  VERESHKOV 03     YF 66, 591         W
 318  2.1315E+04 1.4508E+04 3.3841E+04 0.16530    2.3E-03 2.3E-03    6.6  6.6  AID 95           ZP C69, 27
 319  2.3277E+04 2.3277E+04 2.3277E+04 0.17400    1.0E-03 1.0E-03    7.5  7.5  CHEKANOV 02      NP B627, 3
