# FILE_NAME
# REACTION
# BEAM_MASS TARGET_MASS THRESHOLD FINAL_STATE_MULTIPLICITY
# NUMBER_OF_DATA_POINTS
# POINT_NUMBER PLAB(GEV/C) PLAB_MIN PLAB_MAX SIG(MB) STA_ERR+ STA_ERR- SY_ER+(PCT) SY_ER-(PCT) REFERENCE FLAG
#  FORMAT(I5,1X,4F11.5,2F8.4,1X,2F6.1,A)
# -------------------------------------------------------------------------------------------------------
# PIPDEUT_TOTAL.DAT
# PI+ DEUT --> X
# 0.139570    1.875600      0.            0
#  92
 1    0.13268    0.13268    0.13268    22.000     5.0000  5.0000     0.0  0.0  FOWLER 53        PR 91, 135
 2    0.22240    0.20810    0.23645    140.00     9.0000  9.0000     0.0  0.0  ASHKIN 54        PR 96, 1104
 3    0.23877    0.22476    0.25257    174.00     9.0000  9.0000     0.0  0.0  ASHKIN 54        PR 96, 1104
 4    0.26733    0.25371    0.28080    217.00     14.000  14.000     0.0  0.0  ASHKIN 54        PR 96, 1104
 5    0.28859    0.27408    0.30297    237.00     16.000  16.000     0.0  0.0  ASHKIN 54        PR 96, 1104
 6    0.29000    0.29000    0.29000    259.00     10.000  10.000     0.0  0.0  NOREM 71         NP B33, 512
 7    0.48900    0.48607    0.49193    63.710     1.6800  1.6800     0.2  0.2  CARTER 68        PR 168, 1457
 8    0.51200    0.50893    0.51507    59.160     1.2400  1.2400     0.2  0.2  CARTER 68        PR 168, 1457
 9    0.54000    0.53676    0.54324    55.780     1.1600  1.1600     0.2  0.2  CARTER 68        PR 168, 1457
 10   0.56500    0.56161    0.56839    53.440     0.89000 0.89000    0.2  0.2  CARTER 68        PR 168, 1457
 11   0.59400    0.59044    0.59756    52.030     0.83000 0.83000    0.2  0.2  CARTER 68        PR 168, 1457
 12   0.62500    0.62125    0.62875    51.910     0.72000 0.72000    0.2  0.2  CARTER 68        PR 168, 1457
 13   0.65400    0.65008    0.65792    53.350     0.69000 0.69000    0.2  0.2  CARTER 68        PR 168, 1457
 14   0.68500    0.68089    0.68911    55.980     0.66000 0.66000    0.2  0.2  CARTER 68        PR 168, 1457
 15   0.71100    0.70673    0.71527    57.750     0.62000 0.62000    0.2  0.2  CARTER 68        PR 168, 1457
 16   0.73000    0.72562    0.73438    58.040     0.60000 0.60000    0.2  0.2  CARTER 68        PR 168, 1457
 17   0.76400    0.75942    0.76858    57.090     0.58000 0.58000    0.2  0.2  CARTER 68        PR 168, 1457
 18   0.79400    0.78924    0.79876    55.880     0.55000 0.55000    0.2  0.2  CARTER 68        PR 168, 1457
 19   0.81200    0.80713    0.81687    55.590     0.51000 0.51000    0.2  0.2  CARTER 68        PR 168, 1457
 20   0.81800    0.81309    0.82291    55.420     0.51000 0.51000    0.2  0.2  CARTER 68        PR 168, 1457
 21   0.83800    0.83297    0.84303    56.230     0.51000 0.51000    0.2  0.2  CARTER 68        PR 168, 1457
 22   0.86800    0.86279    0.87321    58.710     0.50000 0.50000    0.2  0.2  CARTER 68        PR 168, 1457
 23   0.89700    0.89162    0.90238    62.530     0.50000 0.50000    0.2  0.2  CARTER 68        PR 168, 1457
 24   0.93100    0.92541    0.93659    68.440     0.48000 0.48000    0.2  0.2  CARTER 68        PR 168, 1457
 25   0.96200    0.95623    0.96777    72.650     0.45000 0.45000    0.2  0.2  CARTER 68        PR 168, 1457
 26   0.99200    0.98605    0.99795    75.480     0.40000 0.40000    0.2  0.2  CARTER 68        PR 168, 1457
 27   1.02000    1.01388    1.02612    75.950     0.35000 0.35000    0.2  0.2  CARTER 68        PR 168, 1457
 28   1.04900    1.04271    1.05529    74.400     0.33000 0.33000    0.2  0.2  CARTER 68        PR 168, 1457
 29   1.09000    1.08346    1.09654    71.280     0.33000 0.33000    0.2  0.2  CARTER 68        PR 168, 1457
 30   1.13100    1.12421    1.13779    68.450     0.32000 0.32000    0.2  0.2  CARTER 68        PR 168, 1457
 31   1.17000    1.16298    1.17702    67.090     0.34000 0.34000    0.2  0.2  CARTER 68        PR 168, 1457
 32   1.20000    1.19280    1.20720    67.060     0.34000 0.34000    0.2  0.2  CARTER 68        PR 168, 1457
 33   1.23000    1.22262    1.23738    67.510     0.35000 0.35000    0.2  0.2  CARTER 68        PR 168, 1457
 34   1.25900    1.25145    1.26655    68.170     0.35000 0.35000    0.2  0.2  CARTER 68        PR 168, 1457
 35   1.27800    1.27033    1.28567    69.040     0.35000 0.35000    0.2  0.2  CARTER 68        PR 168, 1457
 36   1.29900    1.29121    1.30679    69.770     0.35000 0.35000    0.2  0.2  CARTER 68        PR 168, 1457
 37   1.33700    1.32898    1.34502    71.160     0.34000 0.34000    0.2  0.2  CARTER 68        PR 168, 1457
 38   1.37800    1.36973    1.38627    72.180     0.32000 0.32000    0.2  0.2  CARTER 68        PR 168, 1457
 39   1.40300    1.39458    1.41142    72.730     0.29000 0.29000    0.2  0.2  CARTER 68        PR 168, 1457
 40   1.43400    1.42540    1.44260    72.840     0.26000 0.26000    0.2  0.2  CARTER 68        PR 168, 1457
 41   1.47600    1.46714    1.48486    72.850     0.26000 0.26000    0.2  0.2  CARTER 68        PR 168, 1457
 42   1.50600    1.49696    1.51504    71.930     0.28000 0.28000    0.2  0.2  CARTER 68        PR 168, 1457
 43   1.51700    1.50790    1.52610    71.590     0.29000 0.29000    0.2  0.2  CARTER 68        PR 168, 1457
 44   1.55600    1.54666    1.56534    70.500     0.29000 0.29000    0.2  0.2  CARTER 68        PR 168, 1457
 45   1.60500    1.59537    1.61463    68.860     0.29000 0.29000    0.2  0.2  CARTER 68        PR 168, 1457
 46   1.65400    1.64408    1.66392    67.760     0.32000 0.32000    0.2  0.2  CARTER 68        PR 168, 1457
 47   1.72100    1.71067    1.73133    66.050     0.40000 0.40000    0.2  0.2  CARTER 68        PR 168, 1457
 48   1.78500    1.77429    1.79571    65.310     0.45000 0.45000    0.2  0.2  CARTER 68        PR 168, 1457
 49   1.85100    1.83989    1.86211    64.700     0.51000 0.51000    0.2  0.2  CARTER 68        PR 168, 1457
 50   1.92900    1.91743    1.94057    64.370     0.52000 0.52000    0.2  0.2  CARTER 68        PR 168, 1457
 51   1.95400    1.94228    1.96572    64.290     0.54000 0.54000    0.2  0.2  CARTER 68        PR 168, 1457
 52   2.00400    1.99198    2.01602    64.200     0.56000 0.56000    0.2  0.2  CARTER 68        PR 168, 1457
 53   2.04200    2.02975    2.05425    63.990     0.60000 0.60000    0.2  0.2  CARTER 68        PR 168, 1457
 54   2.05300    2.04068    2.06532    63.930     0.60000 0.60000    0.2  0.2  CARTER 68        PR 168, 1457
 55   2.10100    2.08839    2.11361    63.920     0.65000 0.65000    0.2  0.2  CARTER 68        PR 168, 1457
 56   2.46900    2.45419    2.48381    62.920     0.81000 0.81000    0.2  0.2  CARTER 68        PR 168, 1457
 57   6.00000    5.89800    6.10200    52.800     0.50000 0.50000    1.0  1.0  GALBRAITH 65     PR 138, B913
 58   8.00000    7.86400    8.13600    50.500     0.50000 0.50000    1.0  1.0  GALBRAITH 65     PR 138, B913
 59   10.00000   9.83000    10.17000   49.300     0.50000 0.50000    1.0  1.0  GALBRAITH 65     PR 138, B913
 60   12.00000   11.79600   12.20400   48.200     0.50000 0.50000    1.0  1.0  GALBRAITH 65     PR 138, B913
 61   14.00000   13.76200   14.23800   46.900     0.50000 0.50000    1.0  1.0  GALBRAITH 65     PR 138, B913
 62   15.00000   15.00000   15.00000   48.210     0.22000 0.22000    0.6  0.6  DENISOV 71       PL 36B, 415
 63   16.00000   15.72800   16.27200   46.600     0.50000 0.50000    1.0  1.0  GALBRAITH 65     PR 138, B913
 64   18.00000   17.69400   18.30600   46.300     0.50000 0.50000    1.0  1.0  GALBRAITH 65     PR 138, B913
 65   20.00000   19.66000   20.34000   45.900     0.50000 0.50000    1.0  1.0  GALBRAITH 65     PR 138, B913
 66   20.00000   20.00000   20.00000   47.200     0.25000 0.25000    0.5  0.5  BUSHNIN 73C      YF 16, 1224
 67   20.00000   20.00000   20.00000   47.150     0.22000 0.22000    0.6  0.6  DENISOV 71       PL 36B, 415
 68   23.00000   23.00000   23.00000   46.710     0.10000 0.10000    0.5  0.5  CARROLL 76       PL 61B, 303
 69   25.00000   25.00000   25.00000   46.850     0.22000 0.22000    0.6  0.6  DENISOV 71       PL 36B, 415
 70   30.00000   30.00000   30.00000   46.410     0.22000 0.22000    0.6  0.6  DENISOV 71       PL 36B, 415
 71   35.00000   35.00000   35.00000   45.870     8.0E-02 8.0E-02    0.5  0.5  CARROLL 76       PL 61B, 303
 72   35.00000   35.00000   35.00000   45.910     0.22000 0.22000    0.6  0.6  DENISOV 71       PL 36B, 415
 73   40.00000   40.00000   40.00000   45.210     0.25000 0.25000    0.6  0.6  DENISOV 71       PL 36B, 415
 74   45.00000   45.00000   45.00000   45.880     0.22000 0.22000    0.6  0.6  DENISOV 71       PL 36B, 415
 75   50.00000   50.00000   50.00000   45.420     0.12000 0.12000    0.5  0.5  CARROLL 76       PL 61B, 303
 76   50.00000   50.00000   50.00000   45.330     0.12000 0.12000    0.6  0.6  CARROLL 74       PRL 33, 932
 77   50.00000   50.00000   50.00000   45.510     0.22000 0.22000    0.6  0.6  DENISOV 71       PL 36B, 415
 78   55.00000   55.00000   55.00000   45.650     0.22000 0.22000    0.6  0.6  DENISOV 71       PL 36B, 415
 79   60.00000   60.00000   60.00000   45.580     0.40000 0.40000    0.6  0.6  DENISOV 71       PL 36B, 415
 80   70.00000   70.00000   70.00000   45.620     0.12000 0.12000    0.5  0.5  CARROLL 76       PL 61B, 303
 81   100.00000  100.00000  100.00000  45.470     0.12000 0.12000    0.5  0.5  CARROLL 76       PL 61B, 303
 82   100.00000  100.00000  100.00000  45.390     0.12000 0.12000    0.6  0.6  CARROLL 74       PRL 33, 932
 83   120.00000  120.00000  120.00000  45.730     8.0E-02 8.0E-02    0.5  0.5  CARROLL 76       PL 61B, 303
 84   150.00000  150.00000  150.00000  45.810     8.0E-02 8.0E-02    0.5  0.5  CARROLL 76       PL 61B, 303
 85   150.00000  150.00000  150.00000  45.740     0.12000 0.12000    0.6  0.6  CARROLL 74       PRL 33, 932
 86   170.00000  170.00000  170.00000  46.090     8.0E-02 8.0E-02    0.5  0.5  CARROLL 76       PL 61B, 303
 87   200.00000  200.00000  200.00000  46.260     8.0E-02 8.0E-02    0.7  0.7  CARROLL 79       PL 80B, 423
 88   200.00000  200.00000  200.00000  46.290     0.16000 0.16000    0.6  0.6  CARROLL 74       PRL 33, 932
 89   240.00000  240.00000  240.00000  46.880     0.10000 0.10000    0.7  0.7  CARROLL 79       PL 80B, 423
 90   280.00000  280.00000  280.00000  47.180     0.14000 0.14000    0.7  0.7  CARROLL 79       PL 80B, 423
 91   310.00000  310.00000  310.00000  47.240     0.15000 0.15000    0.7  0.7  CARROLL 79       PL 80B, 423
 92   340.00000  340.00000  340.00000  47.450     0.20000 0.20000    0.7  0.7  CARROLL 79       PL 80B, 423
