# FILE_NAME
# REACTION
# BEAM_MASS TARGET_MASS THRESHOLD FINAL_STATE_MULTIPLICITY
# NUMBER_OF_DATA_POINTS
# POINT_NUMBER PLAB(GEV/C) PLAB_MIN PLAB_MAX SIG(MB) STA_ERR+ STA_ERR- SY_ER+(PCT) SY_ER-(PCT) REFERENCE FLAG
#  FORMAT(I5,1X,4F11.5,2F8.4,1X,2F6.1,A)
# -------------------------------------------------------------------------------------------------------
# KMDEUT_TOTAL.DAT
# K- DEUT --> X
# 0.493680    1.875600      0.            0
# 226
 1    0.36600    0.36417    0.36783    95.010     0.73000 0.73000    0.9  0.9  BOWEN 70         PR D2, 2599
 2    0.40500    0.40297    0.40703    92.470     0.70000 0.70000    0.9  0.9  BOWEN 70         PR D2, 2599
 3    0.41100    0.41100    0.41100    91.830     1.4000  1.4000     1.0  1.0  CARROLL 76       PRL 37, 806
 4    0.43900    0.43900    0.43900    80.310     0.67000 0.67000    1.0  1.0  CARROLL 76       PRL 37, 806
 5    0.44000    0.43780    0.44220    78.640     0.68000 0.68000    0.9  0.9  BOWEN 70         PR D2, 2599
 6    0.45800    0.45800    0.45800    76.670     0.56000 0.56000    1.0  1.0  CARROLL 76       PRL 37, 806
 7    0.47500    0.47262    0.47738    64.080     0.65000 0.65000    0.9  0.9  BOWEN 70         PR D2, 2599
 8    0.47700    0.47700    0.47700    71.770     0.36000 0.36000    1.0  1.0  CARROLL 76       PRL 37, 806
 9    0.48900    0.48900    0.48900    70.080     0.49000 0.49000    1.0  1.0  CARROLL 76       PRL 37, 806
 10   0.50100    0.50100    0.50100    66.930     0.29000 0.29000    1.0  1.0  CARROLL 76       PRL 37, 806
 11   0.50600    0.50347    0.50853    57.460     0.63000 0.63000    0.9  0.9  BOWEN 70         PR D2, 2599
 12   0.51500    0.51500    0.51500    64.430     0.38000 0.38000    1.0  1.0  CARROLL 76       PRL 37, 806
 13   0.52900    0.52900    0.52900    63.710     0.21000 0.21000    1.0  1.0  CARROLL 76       PRL 37, 806
 14   0.53600    0.53332    0.53868    55.870     0.62000 0.62000    0.9  0.9  BOWEN 70         PR D2, 2599
 15   0.54300    0.54300    0.54300    62.050     0.25000 0.25000    1.0  1.0  CARROLL 76       PRL 37, 806
 16   0.55600    0.55600    0.55600    61.380     0.17000 0.17000    1.0  1.0  CARROLL 76       PRL 37, 806
 17   0.56600    0.56317    0.56883    56.400     0.62000 0.62000    0.9  0.9  BOWEN 70         PR D2, 2599
 18   0.56900    0.56900    0.56900    59.650     0.21000 0.21000    1.0  1.0  CARROLL 76       PRL 37, 806
 19   0.58200    0.58200    0.58200    58.830     0.21000 0.21000    1.0  1.0  CARROLL 76       PRL 37, 806
 20   0.58900    0.58547    0.59253    56.910     1.1000  1.1000     0.2  0.2  BUGG 68          PR 168, 1466
 21   0.59500    0.59500    0.59500    58.550     0.21000 0.21000    1.0  1.0  CARROLL 76       PRL 37, 806
 22   0.59600    0.59302    0.59898    55.120     0.64000 0.64000    0.9  0.9  BOWEN 70         PR D2, 2599
 23   0.60300    0.59938    0.60662    60.320     1.6600  1.6600     0.2  0.2  BUGG 68          PR 168, 1466
 24   0.60700    0.60700    0.60700    58.180     0.21000 0.21000    1.0  1.0  CARROLL 76       PRL 37, 806
 25   0.62100    0.62100    0.62100    57.600     0.19000 0.19000    1.0  1.0  CARROLL 76       PRL 37, 806
 26   0.62200    0.61827    0.62573    59.920     0.57000 0.57000    0.2  0.2  BUGG 68          PR 168, 1466
 27   0.62700    0.61446    0.63954    59.100     3.4000  3.4000     0.0  0.0  CHAMBERLAIN 62   PR 125, 1696
 28   0.62700    0.62386    0.63013    51.580     0.68000 0.68000    0.9  0.9  BOWEN 70         PR D2, 2599
 29   0.63500    0.63500    0.63500    57.160     0.19000 0.19000    1.0  1.0  CARROLL 76       PRL 37, 806
 30   0.64900    0.64900    0.64900    57.240     0.19000 0.19000    1.0  1.0  CARROLL 76       PRL 37, 806
 31   0.65400    0.65008    0.65792    59.400     0.39000 0.39000    0.2  0.2  BUGG 68          PR 168, 1466
 32   0.65700    0.65371    0.66028    50.520     0.74000 0.74000    0.9  0.9  BOWEN 70         PR D2, 2599
 33   0.66300    0.66300    0.66300    57.550     0.19000 0.19000    1.0  1.0  CARROLL 76       PRL 37, 806
 34   0.67700    0.67700    0.67700    58.020     0.15000 0.15000    1.0  1.0  CARROLL 76       PRL 37, 806
 35   0.68600    0.68188    0.69012    59.270     0.34000 0.34000    0.2  0.2  BUGG 68          PR 168, 1466
 36   0.68600    0.68257    0.68943    54.400     0.79000 0.79000    0.9  0.9  BOWEN 70         PR D2, 2599
 37   0.69000    0.69000    0.69000    59.100     0.19000 0.19000    1.0  1.0  CARROLL 76       PRL 37, 806
 38   0.70300    0.70300    0.70300    59.630     0.15000 0.15000    1.0  1.0  CARROLL 76       PRL 37, 806
 39   0.71100    0.70673    0.71527    61.600     0.35000 0.35000    0.2  0.2  BUGG 68          PR 168, 1466
 40   0.71600    0.71600    0.71600    60.920     0.19000 0.19000    1.0  1.0  CARROLL 76       PRL 37, 806
 41   0.72900    0.72900    0.72900    62.150     0.15000 0.15000    1.0  1.0  CARROLL 76       PRL 37, 806
 42   0.73500    0.73059    0.73941    63.570     0.37000 0.37000    0.2  0.2  BUGG 68          PR 168, 1466
 43   0.74100    0.74100    0.74100    63.580     0.15000 0.15000    1.0  1.0  CARROLL 76       PRL 37, 806
 44   0.75000    0.73500    0.76500    64.500     2.5000  2.5000     0.0  0.0  CHAMBERLAIN 62   PR 125, 1696
 45   0.75300    0.75300    0.75300    64.410     0.15000 0.15000    1.0  1.0  CARROLL 76       PRL 37, 806
 46   0.76500    0.76500    0.76500    65.760     0.15000 0.15000    1.0  1.0  CARROLL 76       PRL 37, 806
 47   0.76600    0.76140    0.77060    64.830     0.31000 0.31000    0.2  0.2  BUGG 68          PR 168, 1466
 48   0.77900    0.77900    0.77900    66.580     0.15000 0.15000    1.0  1.0  CARROLL 76       PRL 37, 806
 49   0.79200    0.79200    0.79200    67.760     0.15000 0.15000    1.0  1.0  CARROLL 76       PRL 37, 806
 50   0.79300    0.78824    0.79776    67.990     0.27000 0.27000    0.1  0.1  BUGG 68          PR 168, 1466
 51   0.80800    0.79184    0.82416    63.100     2.3000  2.3000     0.0  0.0  CHAMBERLAIN 62   PR 125, 1696
 52   0.81800    0.81309    0.82291    70.370     0.28000 0.28000    0.1  0.1  BUGG 68          PR 168, 1466
 53   0.81900    0.81900    0.81900    70.190     0.13000 0.13000    1.0  1.0  CARROLL 76       PRL 37, 806
 54   0.83800    0.83297    0.84303    71.410     0.52000 0.52000    0.1  0.1  BUGG 68          PR 168, 1466
 55   0.84500    0.84500    0.84500    72.780     0.16000 0.16000    1.0  1.0  CARROLL 76       PRL 37, 806
 56   0.85900    0.85385    0.86415    74.350     0.31000 0.31000    0.1  0.1  BUGG 68          PR 168, 1466
 57   0.87100    0.87100    0.87100    74.660     0.11000 0.11000    1.0  1.0  CARROLL 76       PRL 37, 806
 58   0.88000    0.87472    0.88528    76.300     0.24000 0.24000    0.1  0.1  BUGG 68          PR 168, 1466
 59   0.89700    0.89700    0.89700    77.780     0.11000 0.11000    1.0  1.0  CARROLL 76       PRL 37, 806
 60   0.89800    0.89261    0.90339    78.540     0.22000 0.22000    0.1  0.1  BUGG 68          PR 168, 1466
 61   0.92300    0.92300    0.92300    80.320     0.11000 0.11000    1.0  1.0  CARROLL 76       PRL 37, 806
 62   0.93500    0.92939    0.94061    80.840     0.24000 0.24000    0.1  0.1  BUGG 68          PR 168, 1466
 63   0.94900    0.94900    0.94900    81.450     0.12000 0.12000    1.0  1.0  CARROLL 76       PRL 37, 806
 64   0.96400    0.95822    0.96978    82.730     0.24000 0.24000    0.1  0.1  BUGG 68          PR 168, 1466
 65   0.96600    0.95634    0.97566    79.960     0.90000 0.90000    1.0  1.0  COOL 70          PR D1, 1887
 66   0.97200    0.96228    0.98172    80.440     0.70000 0.70000    1.0  1.0  COOL 70          PR D1, 1887
 67   0.97500    0.97500    0.97500    82.480     0.11000 0.11000    1.0  1.0  CARROLL 76       PRL 37, 806
 68   0.98000    0.91042    1.04958    74.300     0.80000 0.80000    0.0  0.0  COOK 61          PR 123, 320
 69   0.98400    0.96432    1.00368    80.900     2.1000  2.1000     0.0  0.0  CHAMBERLAIN 62   PR 125, 1696
 70   0.99000    0.98406    0.99594    82.250     0.25000 0.25000    0.1  0.1  BUGG 68          PR 168, 1466
 71   1.01900    1.00881    1.02919    80.710     0.40000 0.40000    1.0  1.0  COOL 70          PR D1, 1887
 72   1.01900    1.01289    1.02511    81.820     0.38000 0.38000    0.1  0.1  BUGG 68          PR 168, 1466
 73   1.02000    1.02000    1.02000    82.290     0.11000 0.11000    1.0  1.0  CARROLL 76       PRL 37, 806
 74   1.04200    1.03575    1.04825    80.300     0.37000 0.37000    0.1  0.1  BUGG 68          PR 168, 1466
 75   1.06500    1.06500    1.06500    79.450     0.11000 0.11000    1.0  1.0  CARROLL 76       PRL 37, 806
 76   1.06700    1.04566    1.08834    81.000     1.3000  1.3000     0.0  0.0  CHAMBERLAIN 62   PR 125, 1696
 77   1.06900    1.06259    1.07541    77.540     0.31000 0.31000    0.1  0.1  BUGG 68          PR 168, 1466
 78   1.07700    1.06623    1.08777    78.710     0.30000 0.30000    1.0  1.0  COOL 70          PR D1, 1887
 79   1.09200    1.08545    1.09855    75.630     0.25000 0.25000    0.1  0.1  BUGG 68          PR 168, 1466
 80   1.11300    1.10187    1.12413    73.100     0.26000 0.26000    1.0  1.0  COOL 70          PR D1, 1887
 81   1.11800    1.11129    1.12471    72.470     0.24000 0.24000    0.1  0.1  BUGG 68          PR 168, 1466
 82   1.12700    1.11573    1.13827    72.660     0.20000 0.20000    1.0  1.0  COOL 70          PR D1, 1887
 83   1.14300    1.13614    1.14986    69.460     0.29000 0.29000    0.1  0.1  BUGG 68          PR 168, 1466
 84   1.16600    1.15434    1.17766    68.060     0.25000 0.25000    1.0  1.0  COOL 70          PR D1, 1887
 85   1.16800    1.16099    1.17501    67.340     0.25000 0.25000    0.1  0.1  BUGG 68          PR 168, 1466
 86   1.17600    1.16424    1.18776    67.580     0.16000 0.16000    1.0  1.0  COOL 70          PR D1, 1887
 87   1.19300    1.18584    1.20016    65.250     0.24000 0.24000    0.2  0.2  BUGG 68          PR 168, 1466
 88   1.21700    1.20483    1.22917    64.230     0.18000 0.18000    1.0  1.0  COOL 70          PR D1, 1887
 89   1.21800    1.21069    1.22531    63.870     0.23000 0.23000    0.2  0.2  BUGG 68          PR 168, 1466
 90   1.22700    1.21473    1.23927    63.400     0.17000 0.17000    1.0  1.0  COOL 70          PR D1, 1887
 91   1.23000    1.14267    1.31733    60.700     0.50000 0.50000    0.0  0.0  COOK 61          PR 123, 320
 92   1.24300    1.23554    1.25046    62.040     0.20000 0.20000    0.2  0.2  BUGG 68          PR 168, 1466
 93   1.26700    1.25433    1.27967    60.840     0.16000 0.16000    1.0  1.0  COOL 70          PR D1, 1887
 94   1.27300    1.26536    1.28064    60.420     0.21000 0.21000    0.2  0.2  BUGG 68          PR 168, 1466
 95   1.28000    1.26720    1.29280    60.750     0.10000 0.10000    1.0  1.0  COOL 70          PR D1, 1887
 96   1.30500    1.29717    1.31283    59.150     0.22000 0.22000    0.2  0.2  BUGG 68          PR 168, 1466
 97   1.31700    1.30383    1.33017    58.570     0.12000 0.12000    1.0  1.0  COOL 70          PR D1, 1887
 98   1.32400    1.31606    1.33194    58.370     0.19000 0.19000    0.2  0.2  BUGG 68          PR 168, 1466
 99   1.33300    1.31967    1.34633    58.240     8.0E-02 8.0E-02    1.0  1.0  COOL 70          PR D1, 1887
 100  1.36700    1.35333    1.38067    57.710     0.10000 0.10000    1.0  1.0  COOL 70          PR D1, 1887
 101  1.37400    1.36576    1.38224    58.030     0.14000 0.14000    0.2  0.2  BUGG 68          PR 168, 1466
 102  1.38100    1.36719    1.39481    57.820     8.0E-02 8.0E-02    1.0  1.0  COOL 70          PR D1, 1887
 103  1.40500    1.39657    1.41343    58.570     0.14000 0.14000    0.2  0.2  BUGG 68          PR 168, 1466
 104  1.43100    1.41669    1.44531    57.970     7.0E-02 7.0E-02    1.0  1.0  COOL 70          PR D1, 1887
 105  1.44100    1.43235    1.44965    58.990     0.16000 0.16000    0.2  0.2  BUGG 68          PR 168, 1466
 106  1.48000    1.38380    1.57620    56.600     0.50000 0.50000    0.0  0.0  COOK 61          PR 123, 320
 107  1.48400    1.47510    1.49290    59.360     0.15000 0.15000    0.2  0.2  BUGG 68          PR 168, 1466
 108  1.48500    1.47015    1.49985    58.430     7.0E-02 7.0E-02    1.0  1.0  COOL 70          PR D1, 1887
 109  1.50600    1.49094    1.52106    58.590     6.0E-02 6.0E-02    1.0  1.0  COOL 70          PR D1, 1887
 110  1.52000    1.51088    1.52912    59.400     0.15000 0.15000    0.2  0.2  BUGG 68          PR 168, 1466
 111  1.54600    1.53054    1.56146    58.750     7.0E-02 7.0E-02    1.0  1.0  COOL 70          PR D1, 1887
 112  1.56100    1.55163    1.57037    59.490     0.15000 0.15000    0.2  0.2  BUGG 68          PR 168, 1466
 113  1.58000    1.56420    1.59580    58.630     7.0E-02 7.0E-02    1.0  1.0  COOL 70          PR D1, 1887
 114  1.61300    1.60332    1.62268    59.410     0.15000 0.15000    0.2  0.2  BUGG 68          PR 168, 1466
 115  1.63400    1.61766    1.65034    58.190     7.0E-02 7.0E-02    1.0  1.0  COOL 70          PR D1, 1887
 116  1.66200    1.65203    1.67197    58.220     0.15000 0.15000    0.2  0.2  BUGG 68          PR 168, 1466
 117  1.68400    1.66716    1.70084    57.430     7.0E-02 7.0E-02    1.0  1.0  COOL 70          PR D1, 1887
 118  1.70900    1.69875    1.71925    57.880     0.15000 0.15000    0.2  0.2  BUGG 68          PR 168, 1466
 119  1.73000    1.61755    1.84245    54.900     0.50000 0.50000    0.0  0.0  COOK 61          PR 123, 320
 120  1.73200    1.71468    1.74932    56.870     7.0E-02 7.0E-02    1.0  1.0  COOL 70          PR D1, 1887
 121  1.76200    1.75143    1.77257    57.020     0.15000 0.15000    0.2  0.2  BUGG 68          PR 168, 1466
 122  1.78200    1.76418    1.79982    56.010     7.0E-02 7.0E-02    1.0  1.0  COOL 70          PR D1, 1887
 123  1.80400    1.79318    1.81482    55.390     0.15000 0.15000    0.2  0.2  BUGG 68          PR 168, 1466
 124  1.83700    1.81863    1.85537    55.370     5.0E-02 5.0E-02    1.0  1.0  COOL 70          PR D1, 1887
 125  1.85400    1.84288    1.86512    55.510     0.14000 0.14000    0.2  0.2  BUGG 68          PR 168, 1466
 126  1.87600    1.85724    1.89476    54.840     6.0E-02 6.0E-02    1.0  1.0  COOL 70          PR D1, 1887
 127  1.88200    1.86318    1.90082    54.940     6.0E-02 6.0E-02    1.0  1.0  COOL 70          PR D1, 1887
 128  1.90200    1.89059    1.91341    55.510     0.14000 0.14000    0.2  0.2  BUGG 68          PR 168, 1466
 129  1.92600    1.90674    1.94526    54.660     6.0E-02 6.0E-02    1.0  1.0  COOL 70          PR D1, 1887
 130  1.95000    1.78620    2.11380    51.300     0.70000 0.70000    0.0  0.0  COOK 61          PR 123, 320
 131  1.95200    1.94029    1.96371    55.010     0.13000 0.13000    0.2  0.2  BUGG 68          PR 168, 1466
 132  1.98200    1.96218    2.00182    54.290     9.0E-02 9.0E-02    1.0  1.0  COOL 70          PR D1, 1887
 133  2.00400    1.99198    2.01602    55.160     0.15000 0.15000    0.2  0.2  BUGG 68          PR 168, 1466
 134  2.03200    2.01168    2.05232    53.980     6.0E-02 6.0E-02    1.0  1.0  COOL 70          PR D1, 1887
 135  2.05100    2.03869    2.06331    54.590     0.15000 0.15000    0.2  0.2  BUGG 68          PR 168, 1466
 136  2.07700    2.05623    2.09777    53.850     6.0E-02 6.0E-02    1.0  1.0  COOL 70          PR D1, 1887
 137  2.10300    2.09038    2.11562    54.340     0.14000 0.14000    0.2  0.2  BUGG 68          PR 168, 1466
 138  2.12100    2.09979    2.14221    53.720     6.0E-02 6.0E-02    1.0  1.0  COOL 70          PR D1, 1887
 139  2.15800    2.14505    2.17095    54.160     0.14000 0.14000    0.2  0.2  BUGG 68          PR 168, 1466
 140  2.16100    2.13939    2.18261    53.530     6.0E-02 6.0E-02    1.0  1.0  COOL 70          PR D1, 1887
 141  2.20300    2.18097    2.22503    52.950     6.0E-02 6.0E-02    1.0  1.0  COOL 70          PR D1, 1887
 142  2.20600    2.19276    2.21924    53.530     0.14000 0.14000    0.2  0.2  BUGG 68          PR 168, 1466
 143  2.23700    2.21463    2.25937    52.750     6.0E-02 6.0E-02    1.0  1.0  COOL 70          PR D1, 1887
 144  2.25600    2.24246    2.26954    53.470     0.14000 0.14000    0.2  0.2  BUGG 68          PR 168, 1466
 145  2.29800    2.27502    2.32098    52.610     6.0E-02 6.0E-02    1.0  1.0  COOL 70          PR D1, 1887
 146  2.30700    2.29316    2.32084    53.040     0.12000 0.12000    0.2  0.2  BUGG 68          PR 168, 1466
 147  2.34800    2.32452    2.37148    52.260     0.10000 0.10000    1.0  1.0  COOL 70          PR D1, 1887
 148  2.35000    2.33825    2.36175    52.430     0.10000 0.10000    1.0  1.0  ABRAMS 70        PR D1, 1917
 149  2.35500    2.34087    2.36913    52.580     0.13000 0.13000    0.2  0.2  BUGG 68          PR 168, 1466
 150  2.38900    2.36511    2.41289    51.970     6.0E-02 6.0E-02    1.0  1.0  COOL 70          PR D1, 1887
 151  2.40000    2.38800    2.41200    52.190     7.0E-02 7.0E-02    1.0  1.0  ABRAMS 70        PR D1, 1917
 152  2.40300    2.38858    2.41742    52.360     0.13000 0.13000    0.2  0.2  BUGG 68          PR 168, 1466
 153  2.42000    2.39580    2.44420    51.910     7.0E-02 7.0E-02    1.0  1.0  COOL 70          PR D1, 1887
 154  2.45000    2.43775    2.46225    51.990     7.0E-02 7.0E-02    1.0  1.0  ABRAMS 70        PR D1, 1917
 155  2.46600    2.45120    2.48080    52.540     0.10000 0.10000    0.2  0.2  BUGG 68          PR 168, 1466
 156  2.48000    2.27168    2.68832    47.800     0.60000 0.60000    0.0  0.0  COOK 61          PR 123, 320
 157  2.50000    2.48750    2.51250    51.750     6.0E-02 6.0E-02    1.0  1.0  ABRAMS 70        PR D1, 1917
 158  2.51300    2.49792    2.52808    52.010     0.10000 0.10000    0.2  0.2  BUGG 68          PR 168, 1466
 159  2.55000    2.53725    2.56275    51.620     6.0E-02 6.0E-02    1.0  1.0  ABRAMS 70        PR D1, 1917
 160  2.55700    2.54166    2.57234    51.790     0.10000 0.10000    0.2  0.2  BUGG 68          PR 168, 1466
 161  2.60000    2.58700    2.61300    51.370     6.0E-02 6.0E-02    1.0  1.0  ABRAMS 70        PR D1, 1917
 162  2.60700    2.59136    2.62264    51.400     0.10000 0.10000    0.2  0.2  BUGG 68          PR 168, 1466
 163  2.65000    2.63675    2.66325    51.120     6.0E-02 6.0E-02    1.0  1.0  ABRAMS 70        PR D1, 1917
 164  2.65600    2.64006    2.67194    51.150     0.10000 0.10000    0.0  0.0  BUGG 68          PR 168, 1466
 165  2.70000    2.68650    2.71350    50.840     6.0E-02 6.0E-02    1.0  1.0  ABRAMS 70        PR D1, 1917
 166  2.75000    2.73625    2.76375    50.590     6.0E-02 6.0E-02    1.0  1.0  ABRAMS 70        PR D1, 1917
 167  2.80000    2.78600    2.81400    50.330     7.0E-02 7.0E-02    1.0  1.0  ABRAMS 70        PR D1, 1917
 168  2.85000    2.83575    2.86425    50.280     6.0E-02 6.0E-02    1.0  1.0  ABRAMS 70        PR D1, 1917
 169  2.90000    2.88550    2.91450    50.050     6.0E-02 6.0E-02    1.0  1.0  ABRAMS 70        PR D1, 1917
 170  2.95000    2.93525    2.96475    49.900     6.0E-02 6.0E-02    1.0  1.0  ABRAMS 70        PR D1, 1917
 171  2.97000    2.67894    3.26106    46.200     0.40000 0.40000    0.0  0.0  COOK 61          PR 123, 320
 172  3.00000    2.98500    3.01500    49.810     6.0E-02 6.0E-02    1.0  1.0  ABRAMS 70        PR D1, 1917
 173  3.05000    3.03475    3.06525    49.540     6.0E-02 6.0E-02    1.0  1.0  ABRAMS 70        PR D1, 1917
 174  3.10000    3.08450    3.11550    49.270     7.0E-02 7.0E-02    1.0  1.0  ABRAMS 70        PR D1, 1917
 175  3.15000    3.13425    3.16575    49.230     6.0E-02 6.0E-02    1.0  1.0  ABRAMS 70        PR D1, 1917
 176  3.20000    3.18400    3.21600    48.740     0.10000 0.10000    1.0  1.0  ABRAMS 70        PR D1, 1917
 177  3.25000    3.23375    3.26625    48.590     7.0E-02 7.0E-02    1.0  1.0  ABRAMS 70        PR D1, 1917
 178  3.30000    3.28350    3.31650    48.680     6.0E-02 6.0E-02    1.0  1.0  ABRAMS 70        PR D1, 1917
 179  3.98000    3.58200    4.37800    44.700     0.50000 0.50000    0.0  0.0  COOK 61          PR 123, 320
 180  4.50000    4.50000    4.50000    44.600     1.8000  1.8000     0.0  0.0  DECLERCQ 77      NP B126, 397
 181  6.00000    5.89800    6.10200    44.100     0.30000 0.30000    1.4  1.4  GALBRAITH 65     PR 138, B913
 182  6.65000    6.65000    6.65000    44.700     0.70000 0.70000    0.7  0.7  DENISOV 73       NP B65, 1
 183  8.00000    7.86400    8.13600    41.700     0.30000 0.30000    1.4  1.4  GALBRAITH 65     PR 138, B913
 184  10.00000   10.00000   10.00000   42.800     0.70000 0.70000    0.7  0.7  DENISOV 73       NP B65, 1
 185  10.00000   10.00000   10.00000   42.200     0.40000 0.40000    0.4  0.4  BUSHNIN 73C      YF 16, 1224
 186  10.00000   9.83000    10.17000   41.500     0.30000 0.30000    1.0  1.0  GALBRAITH 65     PR 138, B913
 187  12.00000   11.79600   12.20400   40.300     0.30000 0.30000    1.0  1.0  GALBRAITH 65     PR 138, B913
 188  13.30000   13.30000   13.30000   41.800     0.50000 0.50000    0.7  0.7  DENISOV 73       NP B65, 1
 189  14.00000   13.76200   14.23800   40.100     0.30000 0.30000    1.0  1.0  GALBRAITH 65     PR 138, B913
 190  15.00000   15.00000   15.00000   40.350     0.24000 0.24000    0.5  0.5  DENISOV 73       NP B65, 1
 191  16.00000   15.72800   16.27200   40.100     0.40000 0.40000    1.0  1.0  GALBRAITH 65     PR 138, B913
 192  18.00000   17.69400   18.30600   39.900     0.70000 0.70000    1.0  1.0  GALBRAITH 65     PR 138, B913
 193  20.00000   20.00000   20.00000   39.770     0.17000 0.17000    0.5  0.5  DENISOV 73       NP B65, 1
 194  20.00000   20.00000   20.00000   39.300     0.60000 0.60000    1.2  1.2  ALLABY 69        PL 30B, 500
 195  21.00000   21.00000   21.00000   39.400     0.20000 0.20000    0.4  0.4  BUSHNIN 73C      YF 16, 1224
 196  25.00000   25.00000   25.00000   39.060     0.15000 0.15000    0.5  0.5  DENISOV 73       NP B65, 1
 197  25.00000   25.00000   25.00000   39.400     0.50000 0.50000    1.2  1.2  ALLABY 69        PL 30B, 500
 198  30.00000   30.00000   30.00000   38.980     0.15000 0.15000    0.5  0.5  DENISOV 73       NP B65, 1
 199  30.00000   30.00000   30.00000   40.400     0.40000 0.40000    1.2  1.2  ALLABY 69        PL 30B, 500
 200  30.00000   30.00000   30.00000   38.870     0.20000 0.20000    0.4  0.4  BUSHNIN 73C      YF 16, 1224
 201  35.00000   35.00000   35.00000   38.740     0.15000 0.15000    0.5  0.5  DENISOV 73       NP B65, 1
 202  35.00000   35.00000   35.00000   39.800     0.40000 0.40000    1.2  1.2  ALLABY 69        PL 30B, 500
 203  35.00000   35.00000   35.00000   39.120     0.16000 0.16000    0.5  0.5  CARROLL 76       PL 61B, 303
 204  40.00000   40.00000   40.00000   38.670     0.15000 0.15000    0.5  0.5  DENISOV 73       NP B65, 1
 205  40.00000   40.00000   40.00000   39.300     0.40000 0.40000    1.2  1.2  ALLABY 69        PL 30B, 500
 206  40.00000   40.00000   40.00000   38.780     0.20000 0.20000    0.4  0.4  BUSHNIN 73C      YF 16, 1224
 207  45.00000   45.00000   45.00000   38.720     0.15000 0.15000    0.5  0.5  DENISOV 73       NP B65, 1
 208  45.00000   45.00000   45.00000   39.900     0.40000 0.40000    1.2  1.2  ALLABY 69        PL 30B, 500
 209  50.00000   50.00000   50.00000   38.610     0.15000 0.15000    0.5  0.5  DENISOV 73       NP B65, 1
 210  50.00000   50.00000   50.00000   39.900     0.50000 0.50000    1.2  1.2  ALLABY 69        PL 30B, 500
 211  50.00000   50.00000   50.00000   38.910     0.14000 0.14000    0.5  0.5  CARROLL 76       PL 61B, 303
 212  50.00000   50.00000   50.00000   38.760     0.15000 0.15000    0.6  0.6  CARROLL 74       PRL 33, 932
 213  55.00000   55.00000   55.00000   38.650     0.18000 0.18000    0.5  0.5  DENISOV 73       NP B65, 1
 214  55.00000   55.00000   55.00000   40.900     0.80000 0.80000    1.2  1.2  ALLABY 69        PL 30B, 500
 215  70.00000   70.00000   70.00000   38.970     9.0E-02 9.0E-02    0.5  0.5  CARROLL 76       PL 61B, 303
 216  100.00000  100.00000  100.00000  39.150     0.11000 0.11000    0.5  0.5  CARROLL 76       PL 61B, 303
 217  100.00000  100.00000  100.00000  39.010     0.12000 0.12000    0.6  0.6  CARROLL 74       PRL 33, 932
 218  120.00000  120.00000  120.00000  39.470     0.10000 0.10000    0.5  0.5  CARROLL 76       PL 61B, 303
 219  150.00000  150.00000  150.00000  39.440     0.12000 0.12000    0.5  0.5  CARROLL 76       PL 61B, 303
 220  150.00000  150.00000  150.00000  39.300     0.13000 0.13000    0.6  0.6  CARROLL 74       PRL 33, 932
 221  170.00000  170.00000  170.00000  39.620     0.10000 0.10000    0.5  0.5  CARROLL 76       PL 61B, 303
 222  200.00000  200.00000  200.00000  40.000     0.10000 0.10000    0.7  0.7  CARROLL 79       PL 80B, 423
 223  200.00000  200.00000  200.00000  39.830     0.13000 0.13000    0.6  0.6  CARROLL 74       PRL 33, 932
 224  240.00000  240.00000  240.00000  40.500     9.0E-02 9.0E-02    0.7  0.7  CARROLL 79       PL 80B, 423
 225  280.00000  280.00000  280.00000  40.850     0.10000 0.10000    0.7  0.7  CARROLL 79       PL 80B, 423
 226  310.00000  310.00000  310.00000  41.130     0.15000 0.15000    0.7  0.7  CARROLL 79       PL 80B, 423
