# FILE_NAME
# REACTION
# BEAM_MASS TARGET_MASS THRESHOLD FINAL_STATE_MULTIPLICITY
# NUMBER_OF_DATA_POINTS
# POINT_NUMBER PLAB(GEV/C) PLAB_MIN PLAB_MAX SIG(MB) STA_ERR+ STA_ERR- SY_ER+(PCT) SY_ER-(PCT) REFERENCE FLAG
#  FORMAT(I5,1X,4F11.5,2F8.4,1X,2F6.1,A)
# -------------------------------------------------------------------------------------------------------
# KMP_ELASTIC.DAT
# K- P --> P K-
# 0.493680    0.938270      0.            2
# 312
 1    0.03000    0.02000    0.04000    313.50     672.60  127.10     0.0  0.0  THOMAS 69        NP B13, 385
 2    0.05000    0.04000    0.06000    103.60     222.20  42.000     0.0  0.0  THOMAS 69        NP B13, 385
 3    0.06287    0.04933    0.07503    113.00     42.000  42.000     0.0  0.0  CSEJTHEYBART 65  PL 16, 89
 4    0.07000    0.06000    0.08000    44.800     96.100  18.200     0.0  0.0  THOMAS 69        NP B13, 385
 5    0.07044    0.00314    0.09987    58.500     33.800  33.800     0.0  0.0  ALLES 59         NC 11, 771
 6    0.07300    0.05300    0.09300    187.00     150.00  50.000     0.0  0.0  DAVIS 61         PRL 6, 132
 7    0.08730    0.07503    0.09966    92.000     25.000  25.000     0.0  0.0  CSEJTHEYBART 65  PL 16, 89
 8    0.09000    0.08000    0.10000    71.500     64.200  23.000     0.0  0.0  THOMAS 69        NP B13, 385
 9    0.11000    0.10000    0.12000    92.800     51.300  24.200     0.0  0.0  THOMAS 69        NP B13, 385
 10   0.11000    0.10000    0.12000    87.290     10.230  10.230     0.0  0.0  SAKITT 65        PR 139, B719
 11   0.11210    0.09966    0.12524    82.000     19.000  19.000     0.0  0.0  CSEJTHEYBART 65  PL 16, 89
 12   0.11300    0.09300    0.13300    105.00     60.000  30.000     0.0  0.0  DAVIS 61         PRL 6, 132
 13   0.12262    0.09987    0.14194    59.400     18.800  18.800     0.0  0.0  ALLES 59         NC 11, 771
 14   0.13000    0.12000    0.14000    40.400     29.500  12.000     0.0  0.0  THOMAS 69        NP B13, 385
 15   0.13000    0.12000    0.14000    79.220     7.6300  7.6300     0.0  0.0  SAKITT 65        PR 139, B719
 16   0.13722    0.12524    0.14991    82.000     17.000  17.000     0.0  0.0  CSEJTHEYBART 65  PL 16, 89
 17   0.14552    0.00994    0.17470    49.000     32.000  19.000     0.0  0.0  GLASSER 58       NC 9, 1085
 18   0.15000    0.14000    0.16000    41.400     22.900  10.900     0.0  0.0  THOMAS 69        NP B13, 385
 19   0.15000    0.14000    0.16000    69.610     6.0100  6.0100     0.0  0.0  SAKITT 65        PR 139, B719
 20   0.15300    0.13300    0.17300    108.00     35.000  25.000     0.0  0.0  DAVIS 61         PRL 6, 132
 21   0.15909    0.14194    0.17470    53.900     14.700  14.700     0.0  0.0  ALLES 59         NC 11, 771
 22   0.16269    0.14991    0.17511    98.000     20.000  20.000     0.0  0.0  CSEJTHEYBART 65  PL 16, 89
 23   0.17000    0.16000    0.18000    75.760     5.3600  5.3600     0.0  0.0  SAKITT 65        PR 139, B719
 24   0.17000    0.16000    0.18000    32.800     24.000  9.8000     0.0  0.0  THOMAS 69        NP B13, 385
 25   0.17470    0.17470    0.17470    45.000     30.000  30.000     0.0  0.0  ALVAREZ 57       NC 5, 1026
 26   0.18768    0.17511    0.19999    73.000     28.000  28.000     0.0  0.0  CSEJTHEYBART 65  PL 16, 89
 27   0.18916    0.17470    0.20272    66.000     14.100  14.100     0.0  0.0  ALLES 59         NC 11, 771
 28   0.19000    0.18000    0.20000    59.090     4.2000  4.2000     0.0  0.0  SAKITT 65        PR 139, B719
 29   0.19000    0.18000    0.20000    53.300     26.500  13.300     0.0  0.0  THOMAS 69        NP B13, 385
 30   0.19300    0.17300    0.21300    68.000     25.000  15.000     0.0  0.0  DAVIS 61         PRL 6, 132
 31   0.20534    0.00994    0.29612    37.000     9.0000  9.0000     0.0  0.0  GLASSER 58       NC 9, 1085
 32   0.21000    0.20000    0.22000    53.300     29.400  14.000     0.0  0.0  THOMAS 69        NP B13, 385
 33   0.21000    0.20000    0.22000    60.490     4.1000  4.1000     0.0  0.0  SAKITT 65        PR 139, B719
 34   0.21554    0.20272    0.22775    48.000     10.700  10.700     0.0  0.0  ALLES 59         NC 11, 771
 35   0.22049    0.17470    0.25068    41.000     17.000  12.000     0.0  0.0  GLASSER 58       NC 9, 1085
 36   0.22500    0.22500    0.22500    65.410     10.300  10.300     0.0  0.0  MAST 76          PR D14, 13
 37   0.23000    0.22000    0.24000    62.900     46.000  18.700     0.0  0.0  THOMAS 69        NP B13, 385
 38   0.23000    0.22000    0.24000    55.690     4.0600  4.0600     0.0  0.0  SAKITT 65        PR 139, B719
 39   0.23300    0.21300    0.25300    50.000     15.000  10.000     0.0  0.0  DAVIS 61         PRL 6, 132
 40   0.23500    0.23500    0.23500    55.740     5.3400  5.3400     0.0  0.0  MAST 76          PR D14, 13
 41   0.23944    0.20272    0.25068    41.200     9.1000  9.1000     0.0  0.0  ALLES 59         NC 11, 771
 42   0.24500    0.24500    0.24500    53.240     3.7600  3.7600     0.0  0.0  MAST 76          PR D14, 13
 43   0.24623    0.00994    0.29612    37.000     9.0000  8.0000     0.0  0.0  GLASSER 58       NC 9, 1085
 44   0.25000    0.24000    0.26000    51.500     4.2200  4.2200     0.0  0.0  SAKITT 65        PR 139, B719
 45   0.25500    0.25500    0.25500    49.220     2.7000  2.7000     0.0  0.0  MAST 76          PR D14, 13
 46   0.26154    0.22775    0.27206    43.600     9.9000  9.9000     0.0  0.0  ALLES 59         NC 11, 771
 47   0.26500    0.26500    0.26500    47.710     2.2700  2.2700     0.0  0.0  MAST 76          PR D14, 13
 48   0.27000    0.26000    0.28000    58.060     5.2000  5.2000     0.0  0.0  SAKITT 65        PR 139, B719
 49   0.27500    0.27500    0.27500    48.750     2.2000  2.2000     0.0  0.0  MAST 76          PR D14, 13
 50   0.27618    0.25068    0.29612    30.000     13.000  10.000     0.0  0.0  GLASSER 58       NC 9, 1085
 51   0.28227    0.27206    0.29221    44.900     10.000  10.000     0.0  0.0  ALLES 59         NC 11, 771
 52   0.28500    0.28500    0.28500    39.420     1.6300  1.6300     0.0  0.0  MAST 76          PR D14, 13
 53   0.29000    0.28000    0.30000    38.270     5.6800  5.6800     0.0  0.0  SAKITT 65        PR 139, B719
 54   0.29290    0.25111    0.33496    47.800     4.1000  4.1000     0.0  0.0  FERROLUZZI 62    PRL 8, 28
 55   0.29300    0.25100    0.33500    48.200     4.2000  4.2000     0.0  0.0  WATSON 63        PR 131, 2248
 56   0.29500    0.29500    0.29500    41.220     1.8600  1.8600     0.0  0.0  MAST 76          PR D14, 13
 57   0.30000    0.30000    0.30000    44.500     6.4000  6.4000     0.0  0.0  NORDIN 61        PR 123, 2168
 58   0.30191    0.29221    0.31139    44.200     31.300  31.300     0.0  0.0  ALLES 59         NC 11, 771
 59   0.30500    0.30500    0.30500    40.360     2.0200  2.0200     0.0  0.0  MAST 76          PR D14, 13
 60   0.31500    0.31500    0.31500    37.020     1.9300  1.9300     0.0  0.0  MAST 76          PR D14, 13
 61   0.32500    0.32500    0.32500    40.280     2.0600  2.0600     0.0  0.0  MAST 76          PR D14, 13
 62   0.33500    0.33500    0.33500    37.840     1.8300  1.8300     0.0  0.0  MAST 76          PR D14, 13
 63   0.34500    0.34500    0.34500    37.260     1.9500  1.9500     0.0  0.0  MAST 76          PR D14, 13
 64   0.35000    0.31900    0.38100    34.000     3.2000  3.2000     0.0  0.0  WATSON 63        PR 131, 2248
 65   0.35012    0.31909    0.38093    33.500     3.5000  3.5000     0.0  0.0  FERROLUZZI 62    PRL 8, 28
 66   0.35500    0.35500    0.35500    34.770     1.7900  1.7900     0.0  0.0  MAST 76          PR D14, 13
 67   0.36500    0.36500    0.36500    34.210     1.7100  1.7100     0.0  0.0  MAST 76          PR D14, 13
 68   0.37500    0.37500    0.37500    36.670     1.8300  1.8300     0.0  0.0  MAST 76          PR D14, 13
 69   0.38500    0.38500    0.38500    33.890     1.3700  1.3700     0.0  0.0  MAST 76          PR D14, 13
 70   0.38700    0.35700    0.41700    31.900     2.5000  2.5000     0.0  0.0  WATSON 63        PR 131, 2248
 71   0.38986    0.36001    0.42009    34.700     3.2000  3.2000     0.0  0.0  FERROLUZZI 62    PRL 8, 28
 72   0.39200    0.36200    0.42200    34.000     3.0000  3.0000     0.0  0.0  WATSON 63        PR 131, 2248
 73   0.39500    0.39500    0.39500    38.470     1.5700  1.5700     0.0  0.0  MAST 76          PR D14, 13
 74   0.40000    0.40000    0.40000    38.900     4.7000  4.7000     0.0  0.0  NORDIN 61        PR 123, 2168
 75   0.40500    0.40500    0.40500    32.060     1.3900  1.3900     0.0  0.0  MAST 76          PR D14, 13
 76   0.41500    0.41500    0.41500    32.590     1.6700  1.6700     0.0  0.0  MAST 76          PR D14, 13
 77   0.42000    0.42000    0.42000    48.400     15.000  11.000     0.0  0.0  WEBB 58          NC 8, 899
 78   0.42500    0.42500    0.42500    31.190     1.9700  1.9700     0.0  0.0  MAST 76          PR D14, 13
 79   0.43400    0.40800    0.46000    30.600     3.4000  3.4000     0.0  0.0  WATSON 63        PR 131, 2248
 80   0.43407    0.41200    0.46001    32.800     3.9000  3.9000     0.0  0.0  FERROLUZZI 62    PRL 8, 28
 81   0.43500    0.43500    0.43500    26.830     1.7900  1.7900     0.0  0.0  MAST 76          PR D14, 13
 82   0.43600    0.42850    0.44350    25.800     2.0000  2.0000     0.0  0.0  ARMENTEROS 70B   NP B21, 15
 83   0.44500    0.44500    0.44500    28.830     2.2100  2.2100     0.0  0.0  MAST 76          PR D14, 13
 84   0.45500    0.44750    0.46250    23.800     1.7000  1.7000     0.0  0.0  ARMENTEROS 70B   NP B21, 15
 85   0.45500    0.45500    0.45500    30.320     3.1600  3.1600     0.0  0.0  MAST 76          PR D14, 13
 86   0.46500    0.46500    0.46500    31.990     5.9200  5.9200     0.0  0.0  MAST 76          PR D14, 13
 87   0.47500    0.46750    0.48250    23.100     1.4000  1.4000     0.0  0.0  ARMENTEROS 70B   NP B21, 15
 88   0.49500    0.48750    0.50250    21.500     1.3000  1.3000     0.0  0.0  ARMENTEROS 70B   NP B21, 15
 89   0.51300    0.49300    0.53300    26.500     3.3000  3.3000     0.0  0.0  WATSON 63        PR 131, 2248
 90   0.51300    0.49291    0.53305    27.600     3.7000  3.7000     0.0  0.0  FERROLUZZI 62    PRL 8, 28
 91   0.51400    0.50650    0.52150    21.700     1.4000  1.4000     0.0  0.0  ARMENTEROS 70B   NP B21, 15
 92   0.52228    0.41304    0.62146    35.000     16.000  16.000     0.0  0.0  FREDEN 60        PR 118, 564
 93   0.53400    0.52650    0.54150    19.300     1.3000  1.3000     0.0  0.0  ARMENTEROS 70B   NP B21, 15
 94   0.55400    0.54650    0.56150    19.100     1.2000  1.2000     0.0  0.0  ARMENTEROS 70B   NP B21, 15
 95   0.57300    0.56550    0.58050    17.500     1.1000  1.1000     0.0  0.0  ARMENTEROS 70B   NP B21, 15
 96   0.59700    0.58950    0.60450    17.700     1.1000  1.1000     0.0  0.0  ARMENTEROS 70B   NP B21, 15
 97   0.61000    0.61000    0.61000    17.660     1.0000  1.0000     0.0  0.0  ADAMS 75         NP B96, 54
 98   0.61700    0.60950    0.62450    18.600     1.1000  1.1000     0.0  0.0  ARMENTEROS 70B   NP B21, 15
 99   0.62004    0.60502    0.63497    16.000     1.0000  1.0000     0.0  0.0  BASTIEN 63       PRL 10, 188
 100  0.63700    0.62950    0.64450    16.000     1.0000  1.0000     0.0  0.0  ARMENTEROS 70B   NP B21, 15
 101  0.64200    0.64200    0.64200    17.230     0.96000 0.96000    0.0  0.0  ADAMS 75         NP B96, 54
 102  0.65800    0.65050    0.66550    16.400     1.0000  1.0000     0.0  0.0  ARMENTEROS 70B   NP B21, 15
 103  0.66000    0.65340    0.66660    12.100     2.0000  2.0000     0.0  0.0  HOLLEY 67        PR 154, 1273
 104  0.67200    0.67200    0.67200    16.220     0.92000 0.92000    0.0  0.0  ADAMS 75         NP B96, 54
 105  0.67700    0.66950    0.68450    15.600     1.0000  1.0000     0.0  0.0  ARMENTEROS 70B   NP B21, 15
 106  0.69900    0.69150    0.70650    15.200     1.0000  1.0000     0.0  0.0  ARMENTEROS 70B   NP B21, 15
 107  0.70000    0.69300    0.70700    14.200     2.1000  2.1000     0.0  0.0  HOLLEY 67        PR 154, 1273
 108  0.70300    0.70300    0.70300    15.220     0.86000 0.86000    0.0  0.0  ADAMS 75         NP B96, 54
 109  0.70800    0.70092    0.71508    13.500     0.90000 0.90000    0.0  0.0  BERTANZA 69      PR 177, 2036
 110  0.71900    0.71150    0.72650    14.200     1.0000  1.0000     0.0  0.0  ARMENTEROS 70B   NP B21, 15
 111  0.72500    0.71775    0.73225    11.500     0.80000 0.80000    0.0  0.0  BERTANZA 69      PR 177, 2036
 112  0.73000    0.73000    0.73000    14.070     0.70000 0.70000    0.0  0.0  ADAMS 75         NP B96, 54
 113  0.74000    0.73250    0.74750    15.900     1.1000  1.1000     0.0  0.0  ARMENTEROS 70B   NP B21, 15
 114  0.74000    0.73260    0.74740    14.000     2.1000  2.1000     0.0  0.0  HOLLEY 67        PR 154, 1273
 115  0.74100    0.73359    0.74841    11.600     0.70000 0.70000    0.0  0.0  BERTANZA 69      PR 177, 2036
 116  0.75800    0.75800    0.75800    16.930     0.98000 0.98000    0.0  0.0  ADAMS 75         NP B96, 54
 117  0.75996    0.75291    0.76701    16.700     1.0000  1.0000     0.0  0.0  BASTIEN 63       PRL 10, 188
 118  0.76100    0.75350    0.76850    17.300     1.1000  1.1000     0.0  0.0  ARMENTEROS 70B   NP B21, 15
 119  0.76800    0.76032    0.77568    15.200     1.0000  1.0000     0.0  0.0  BERTANZA 69      PR 177, 2036
 120  0.77300    0.76550    0.78050    18.600     1.6000  1.6000     0.0  0.0  ARMENTEROS 70B   NP B21, 15
 121  0.77700    0.75700    0.79700    18.300     0.80000 0.80000    0.0  0.0  ARMENTEROS 68    NP B8, 233
 122  0.77700    0.77700    0.77700    18.700     0.79000 0.79000    0.0  0.0  CONFORTO 71      NP B34, 41
 123  0.78000    0.77220    0.78780    17.900     2.6000  2.6000     0.0  0.0  HOLLEY 67        PR 154, 1273
 124  0.78500    0.78500    0.78500    19.370     1.0900  1.0900     0.0  0.0  ADAMS 75         NP B96, 54
 125  0.79300    0.78550    0.80050    20.500     1.2000  1.2000     0.0  0.0  ARMENTEROS 70B   NP B21, 15
 126  0.80200    0.79398    0.81002    19.300     1.3000  1.3000     0.0  0.0  BERTANZA 69      PR 177, 2036
 127  0.80600    0.78600    0.82600    20.000     1.0100  1.0100     0.0  0.0  ARMENTEROS 68    NP B8, 233
 128  0.80600    0.80600    0.80600    20.450     0.95000 0.95000    0.0  0.0  CONFORTO 71      NP B34, 41
 129  0.81000    0.81000    0.81000    20.670     1.1300  1.1300     0.0  0.0  ADAMS 75         NP B96, 54
 130  0.82000    0.82000    0.82000    18.700     0.70000 0.70000    0.0  0.0  SODICKSON 64     PR 133, B757
 131  0.82000    0.81180    0.82820    19.300     2.8000  2.8000     0.0  0.0  HOLLEY 67        PR 154, 1273
 132  0.83300    0.83300    0.83300    19.630     1.0800  1.0800     0.0  0.0  ADAMS 75         NP B96, 54
 133  0.83800    0.81800    0.85800    19.800     0.95000 0.95000    0.0  0.0  ARMENTEROS 68    NP B8, 233
 134  0.83800    0.83800    0.83800    19.530     0.94000 0.94000    0.0  0.0  CONFORTO 71      NP B34, 41
 135  0.84999    0.84001    0.85997    22.400     2.0000  2.0000     0.0  0.0  BASTIEN 63       PRL 10, 188
 136  0.85300    0.83300    0.87300    19.100     0.80000 0.80000    0.0  0.0  ARMENTEROS 68    NP B8, 233
 137  0.85300    0.85300    0.85300    19.390     0.79000 0.79000    0.0  0.0  CONFORTO 71      NP B34, 41
 138  0.85600    0.85600    0.85600    19.780     1.0900  1.0900     0.0  0.0  ADAMS 75         NP B96, 54
 139  0.86000    0.85140    0.86860    19.500     2.8000  2.8000     0.0  0.0  HOLLEY 67        PR 154, 1273
 140  0.87000    0.87000    0.87000    21.360     0.84000 0.84000    0.0  0.0  CAMERON 80       NP B193, 21
 141  0.87400    0.85400    0.89400    20.100     0.79000 0.79000    0.0  0.0  ARMENTEROS 68    NP B8, 233
 142  0.87400    0.87400    0.87400    20.310     0.77000 0.77000    0.0  0.0  CONFORTO 71      NP B34, 41
 143  0.87600    0.87600    0.87600    21.070     1.1600  1.1600     0.0  0.0  ADAMS 75         NP B96, 54
 144  0.89400    0.87400    0.91400    21.600     0.88000 0.88000    0.0  0.0  ARMENTEROS 68    NP B8, 233
 145  0.89400    0.89400    0.89400    21.660     0.85000 0.85000    0.0  0.0  CONFORTO 71      NP B34, 41
 146  0.89900    0.89900    0.89900    22.020     1.2000  1.2000     0.0  0.0  ADAMS 75         NP B96, 54
 147  0.90000    0.89100    0.90900    21.500     3.2000  3.2000     0.0  0.0  HOLLEY 67        PR 154, 1273
 148  0.90400    0.88400    0.92400    20.900     0.86000 0.86000    0.0  0.0  ARMENTEROS 68    NP B8, 233
 149  0.90400    0.90400    0.90400    20.710     0.82000 0.82000    0.0  0.0  CONFORTO 71      NP B34, 41
 150  0.90500    0.90500    0.90500    21.340     0.79000 0.79000    0.0  0.0  CAMERON 80       NP B193, 21
 151  0.91600    0.91600    0.91600    20.850     0.82000 0.82000    0.0  0.0  CONFORTO 71      NP B34, 41
 152  0.91600    0.89600    0.93600    20.400     0.96000 0.96000    0.0  0.0  ARMENTEROS 68    NP B8, 233
 153  0.92200    0.92200    0.92200    22.340     1.2500  1.2500     0.0  0.0  ADAMS 75         NP B96, 54
 154  0.92500    0.92500    0.92500    20.940     0.84000 0.84000    0.0  0.0  CAMERON 80       NP B193, 21
 155  0.93500    0.93500    0.93500    20.120     0.76000 0.76000    0.0  0.0  CONFORTO 71      NP B34, 41
 156  0.93500    0.91500    0.95500    20.100     0.80000 0.80000    0.0  0.0  ARMENTEROS 68    NP B8, 233
 157  0.93500    0.93500    0.93500    19.980     0.53000 0.53000    0.0  0.0  CAMERON 80       NP B193, 21
 158  0.94000    0.93060    0.94940    21.800     3.2000  3.2000     0.0  0.0  HOLLEY 67        PR 154, 1273
 159  0.94300    0.94300    0.94300    21.010     1.1000  1.1000     0.0  0.0  ADAMS 75         NP B96, 54
 160  0.94500    0.94500    0.94500    19.330     0.43000 0.43000    0.0  0.0  CAMERON 80       NP B193, 21
 161  0.95400    0.95400    0.95400    20.640     0.86000 0.86000    0.0  0.0  CONFORTO 71      NP B34, 41
 162  0.95400    0.93400    0.97400    20.700     0.86000 0.86000    0.0  0.0  ARMENTEROS 68    NP B8, 233
 163  0.95500    0.95500    0.95500    20.610     0.46000 0.46000    0.0  0.0  CAMERON 80       NP B193, 21
 164  0.96000    0.96000    0.96000    21.270     0.68000 0.68000    0.0  0.0  CONFORTO 76      NP B105, 189
 165  0.96500    0.96500    0.96500    20.340     0.58000 0.58000    0.0  0.0  CAMERON 80       NP B193, 21
 166  0.97000    0.95000    0.99000    20.400     0.84000 0.84000    0.0  0.0  ARMENTEROS 68    NP B8, 233
 167  0.97000    0.97000    0.97000    20.720     0.82000 0.82000    0.0  0.0  CONFORTO 71      NP B34, 41
 168  0.98000    0.97020    0.98980    22.400     3.3000  3.3000     0.0  0.0  HOLLEY 67        PR 154, 1273
 169  0.99000    0.99000    0.99000    21.220     1.0500  1.0500     0.0  0.0  CAMERON 80       NP B193, 21
 170  0.99100    0.97100    1.01100    21.400     0.85000 0.85000    0.0  0.0  ARMENTEROS 68    NP B8, 233
 171  0.99100    0.99100    0.99100    22.150     0.83000 0.83000    0.0  0.0  CONFORTO 71      NP B34, 41
 172  1.00500    1.00500    1.00500    21.750     0.73000 0.73000    0.0  0.0  CONFORTO 76      NP B105, 189
 173  1.02000    1.00980    1.03020    20.800     3.1000  3.1000     0.0  0.0  HOLLEY 67        PR 154, 1273
 174  1.02200    1.00200    1.04200    22.100     0.98000 0.98000    0.0  0.0  ARMENTEROS 68    NP B8, 233
 175  1.02200    1.02200    1.02200    22.150     0.98000 0.98000    0.0  0.0  CONFORTO 71      NP B34, 41
 176  1.04000    1.04000    1.04000    23.300     1.0000  1.0000     0.0  0.0  SODICKSON 64     PR 133, B757
 177  1.04400    1.02400    1.06400    21.500     0.89000 0.89000    0.0  0.0  ARMENTEROS 68    NP B8, 233
 178  1.04400    1.04400    1.04400    21.460     0.89000 0.89000    0.0  0.0  CONFORTO 71      NP B34, 41
 179  1.04500    1.04500    1.04500    22.220     0.63000 0.63000    0.0  0.0  CONFORTO 76      NP B105, 189
 180  1.06000    1.04940    1.07060    21.200     3.1000  3.1000     0.0  0.0  HOLLEY 67        PR 154, 1273
 181  1.06100    1.04100    1.08100    20.600     0.80000 0.80000    0.0  0.0  ARMENTEROS 68    NP B8, 233
 182  1.06100    1.06100    1.06100    20.560     0.80000 0.80000    0.0  0.0  CONFORTO 71      NP B34, 41
 183  1.08000    1.06000    1.10000    18.700     0.83000 0.83000    0.0  0.0  ARMENTEROS 68    NP B8, 233
 184  1.08000    1.08000    1.08000    18.740     0.83000 0.83000    0.0  0.0  CONFORTO 71      NP B34, 41
 185  1.08500    1.08500    1.08500    19.830     0.59000 0.59000    0.0  0.0  CONFORTO 76      NP B105, 189
 186  1.10000    1.08900    1.11100    18.300     2.7000  2.7000     0.0  0.0  HOLLEY 67        PR 154, 1273
 187  1.10200    1.08200    1.12200    18.600     0.80000 0.80000    0.0  0.0  ARMENTEROS 68    NP B8, 233
 188  1.10200    1.10200    1.10200    18.770     0.80000 0.80000    0.0  0.0  CONFORTO 71      NP B34, 41
 189  1.11700    1.09700    1.13700    17.600     0.74000 0.74000    0.0  0.0  ARMENTEROS 68    NP B8, 233
 190  1.11700    1.11700    1.11700    17.820     0.75000 0.75000    0.0  0.0  CONFORTO 71      NP B34, 41
 191  1.12500    1.12500    1.12500    17.890     0.49000 0.49000    0.0  0.0  CONFORTO 76      NP B105, 189
 192  1.13400    1.11400    1.15400    17.000     0.82000 0.82000    0.0  0.0  ARMENTEROS 68    NP B8, 233
 193  1.13400    1.13400    1.13400    17.750     0.79000 0.79000    0.0  0.0  CONFORTO 71      NP B34, 41
 194  1.13800    1.13800    1.13800    15.700     0.38000 0.38000    0.0  0.0  GRISELIN 75      NP B93, 189
 195  1.14000    1.12860    1.15140    17.000     2.5000  2.5000     0.0  0.0  HOLLEY 67        PR 154, 1273
 196  1.15000    1.13000    1.17000    18.300     1.5000  1.5000     0.0  0.0  GRAZIANO 62      PR 128, 1868
 197  1.15000    1.15000    1.15000    17.300     1.1000  1.1000     0.0  0.0  SODICKSON 64     PR 133, B757
 198  1.15300    1.13300    1.17300    17.200     0.82000 0.82000    0.0  0.0  ARMENTEROS 68    NP B8, 233
 199  1.15300    1.15300    1.15300    17.230     0.76000 0.76000    0.0  0.0  CONFORTO 71      NP B34, 41
 200  1.16100    1.16100    1.16100    15.300     0.32000 0.32000    0.0  0.0  GRISELIN 75      NP B93, 189
 201  1.16500    1.16500    1.16500    15.390     0.41000 0.41000    0.0  0.0  CONFORTO 76      NP B105, 189
 202  1.17400    1.15400    1.19400    16.500     0.79000 0.79000    0.0  0.0  ARMENTEROS 68    NP B8, 233
 203  1.17400    1.17400    1.17400    16.460     0.79000 0.79000    0.0  0.0  CONFORTO 71      NP B34, 41
 204  1.17900    1.17900    1.17900    14.660     0.35000 0.35000    0.0  0.0  GRISELIN 75      NP B93, 189
 205  1.18000    1.16820    1.19180    16.800     2.5000  2.5000     0.0  0.0  HOLLEY 67        PR 154, 1273
 206  1.18300    1.16300    1.20300    15.900     0.75000 0.75000    0.0  0.0  ARMENTEROS 68    NP B8, 233
 207  1.18300    1.18300    1.18300    15.890     0.75000 0.75000    0.0  0.0  CONFORTO 71      NP B34, 41
 208  1.20100    1.20100    1.20100    12.680     0.29000 0.29000    0.0  0.0  GRISELIN 75      NP B93, 189
 209  1.20500    1.20500    1.20500    13.890     0.37000 0.37000    0.0  0.0  CONFORTO 76      NP B105, 189
 210  1.22000    1.20780    1.23220    15.700     2.3000  2.3000     0.0  0.0  HOLLEY 67        PR 154, 1273
 211  1.22600    1.20600    1.24600    11.300     0.83000 0.83000    0.0  0.0  ARMENTEROS 68    NP B8, 233
 212  1.22600    1.22600    1.22600    11.810     0.83000 0.83000    0.0  0.0  CONFORTO 71      NP B34, 41
 213  1.23300    1.23300    1.23300    13.110     0.30000 0.30000    0.0  0.0  GRISELIN 75      NP B93, 189
 214  1.24500    1.24500    1.24500    12.320     0.29000 0.29000    0.0  0.0  CONFORTO 76      NP B105, 189
 215  1.25300    1.25300    1.25300    11.870     0.28000 0.28000    0.0  0.0  GRISELIN 75      NP B93, 189
 216  1.26000    1.26000    1.26000    15.200     0.70000 0.70000    0.0  0.0  SODICKSON 64     PR 133, B757
 217  1.26000    1.24740    1.27260    14.000     2.1000  2.1000     0.0  0.0  HOLLEY 67        PR 154, 1273
 218  1.26300    1.24800    1.27800    10.870     0.52000 0.52000    0.0  0.0  DEBELLEFON 72    NC 7A, 567
 219  1.26300    1.26300    1.26300    10.870     0.55000 0.55000    0.0  0.0  LITCHFIELD 71    NP B30, 125
 220  1.27600    1.27600    1.27600    11.440     0.26000 0.26000    0.0  0.0  GRISELIN 75      NP B93, 189
 221  1.28500    1.28500    1.28500    10.960     0.26000 0.26000    0.0  0.0  CONFORTO 76      NP B105, 189
 222  1.29600    1.29600    1.29600    11.570     0.28000 0.28000    0.0  0.0  GRISELIN 75      NP B93, 189
 223  1.30000    1.28700    1.31300    12.000     1.8000  1.8000     0.0  0.0  HOLLEY 67        PR 154, 1273
 224  1.31600    1.29800    1.33400    10.200     0.47000 0.47000    0.0  0.0  DEBELLEFON 72    NC 7A, 567
 225  1.31600    1.31600    1.31600    11.200     0.53000 0.53000    0.0  0.0  LITCHFIELD 71    NP B30, 125
 226  1.32000    1.32000    1.32000    10.260     0.26000 0.26000    0.0  0.0  CONFORTO 76      NP B105, 189
 227  1.32800    1.29200    1.36400    9.7400     0.30000 0.30000    0.0  0.0  TROWER 68        PR 170, 1207
 228  1.34000    1.32660    1.35340    14.400     2.2000  2.2000     0.0  0.0  HOLLEY 67        PR 154, 1273
 229  1.35500    1.35500    1.35500    9.5300     0.21000 0.21000    0.0  0.0  CONFORTO 76      NP B105, 189
 230  1.36800    1.34600    1.39000    10.300     0.47000 0.47000    0.0  0.0  DEBELLEFON 72    NC 7A, 567
 231  1.36800    1.36800    1.36800    10.300     0.51000 0.51000    0.0  0.0  LITCHFIELD 71    NP B30, 125
 232  1.38000    1.36620    1.39380    16.600     2.7000  2.7000     0.0  0.0  HOLLEY 67        PR 154, 1273
 233  1.38300    1.38300    1.38300    10.500     0.60000 0.60000    0.0  0.0  DAUM 68          NP B6, 273
 234  1.41500    1.40000    1.43000    8.8300     0.44000 0.44000    0.0  0.0  DEBELLEFON 72    NC 7A, 567
 235  1.41500    1.41500    1.41500    8.8300     0.41000 0.41000    0.0  0.0  LITCHFIELD 71    NP B30, 125
 236  1.42300    1.42300    1.42300    8.4200     0.40000 0.40000    0.0  0.0  ABE 75E          PR D12, 6
 237  1.43300    1.43300    1.43300    8.6000     0.60000 0.60000    0.0  0.0  DAUM 68          NP B6, 273
 238  1.46200    1.44200    1.48200    9.1100     0.37000 0.37000    0.0  0.0  DEBELLEFON 72    NC 7A, 567
 239  1.46500    1.46500    1.46500    9.1100     0.42000 0.42000    0.0  0.0  LITCHFIELD 71    NP B30, 125
 240  1.48300    1.48300    1.48300    8.3000     0.60000 0.60000    0.0  0.0  DAUM 68          NP B6, 273
 241  1.51300    1.51300    1.51300    7.7000     0.30000 0.30000    0.0  0.0  LITCHFIELD 71    NP B30, 125
 242  1.51400    1.49400    1.53400    7.7000     0.34000 0.34000    0.0  0.0  DEBELLEFON 72    NC 7A, 567
 243  1.53000    1.53000    1.53000    8.1500     0.36000 0.36000    0.0  0.0  ABE 75E          PR D12, 6
 244  1.53400    1.53400    1.53400    8.8000     0.60000 0.60000    0.0  0.0  DAUM 68          NP B6, 273
 245  1.54500    1.54500    1.54500    8.0600     0.27000 0.27000    0.0  0.0  LITCHFIELD 71    NP B30, 125
 246  1.54600    1.52600    1.56600    8.0600     0.27000 0.27000    0.0  0.0  DEBELLEFON 72    NC 7A, 567
 247  1.58400    1.58400    1.58400    8.7000     0.60000 0.60000    0.0  0.0  DAUM 68          NP B6, 273
 248  1.60600    1.58100    1.63100    8.8600     0.30000 0.30000    0.0  0.0  DEBELLEFON 72    NC 7A, 567
 249  1.60600    1.60600    1.60600    8.8600     0.33000 0.33000    0.0  0.0  LITCHFIELD 71    NP B30, 125
 250  1.63400    1.63400    1.63400    9.2000     0.50000 0.50000    0.0  0.0  DAUM 68          NP B6, 273
 251  1.65200    1.65200    1.65200    8.4000     0.29000 0.29000    0.0  0.0  LITCHFIELD 71    NP B30, 125
 252  1.65300    1.63200    1.67400    8.4000     0.28000 0.28000    0.0  0.0  DEBELLEFON 72    NC 7A, 567
 253  1.68000    1.68000    1.68000    8.1900     0.37000 0.37000    0.0  0.0  ABE 75E          PR D12, 6
 254  1.68400    1.68400    1.68400    8.9000     0.60000 0.60000    0.0  0.0  DAUM 68          NP B6, 273
 255  1.70500    1.67800    1.73200    9.0800     0.30000 0.30000    0.0  0.0  DEBELLEFON 72    NC 7A, 567
 256  1.70500    1.70500    1.70500    9.0800     0.34000 0.34000    0.0  0.0  LITCHFIELD 71    NP B30, 125
 257  1.73400    1.73400    1.73400    9.5000     0.80000 0.80000    0.0  0.0  DAUM 68          NP B6, 273
 258  1.73900    1.73900    1.73900    8.5100     0.35000 0.35000    0.0  0.0  LITCHFIELD 71    NP B30, 125
 259  1.74100    1.71800    1.76400    8.5100     0.31000 0.31000    0.0  0.0  DEBELLEFON 72    NC 7A, 567
 260  1.78400    1.78400    1.78400    9.0000     0.60000 0.60000    0.0  0.0  DAUM 68          NP B6, 273
 261  1.80000    1.77700    1.82300    8.1300     0.31000 0.31000    0.0  0.0  DEBELLEFON 72    NC 7A, 567
 262  1.80000    1.80000    1.80000    8.1300     0.31000 0.31000    0.0  0.0  LITCHFIELD 71    NP B30, 125
 263  1.81500    1.81500    1.81500    6.9500     0.38000 0.38000    0.0  0.0  ABE 75E          PR D12, 6
 264  1.84300    1.82400    1.86200    7.8600     0.29000 0.29000    0.0  0.0  DEBELLEFON 72    NC 7A, 567
 265  1.84300    1.84300    1.84300    7.8600     0.29000 0.29000    0.0  0.0  LITCHFIELD 71    NP B30, 125
 266  1.88400    1.88400    1.88400    9.0000     0.50000 0.50000    0.0  0.0  DAUM 68          NP B6, 273
 267  1.93400    1.93400    1.93400    7.9000     0.60000 0.60000    0.0  0.0  DAUM 68          NP B6, 273
 268  1.93400    1.93400    1.93400    7.4800     0.39000 0.39000    0.0  0.0  DEBELLEFON 77    NC 41A, 451
 269  1.98400    1.98400    1.98400    7.8000     0.60000 0.60000    0.0  0.0  DAUM 68          NP B6, 273
 270  2.00000    1.97990    2.02010    7.4600     0.30000 0.30000    0.0  0.0  CRITTENDEN 64    PRL 12, 429
 271  2.03100    2.03100    2.03100    7.3100     0.38000 0.38000    0.0  0.0  DEBELLEFON 77    NC 41A, 451
 272  2.03400    2.03400    2.03400    7.1000     0.70000 0.70000    0.0  0.0  DAUM 68          NP B6, 273
 273  2.08400    2.08400    2.08400    7.4000     0.70000 0.70000    0.0  0.0  DAUM 68          NP B6, 273
 274  2.13400    2.13400    2.13400    7.1000     0.70000 0.70000    0.0  0.0  DAUM 68          NP B6, 273
 275  2.13500    2.13500    2.13500    7.2600     0.37000 0.37000    0.0  0.0  DEBELLEFON 77    NC 41A, 451
 276  2.17500    2.17500    2.17500    7.9000     0.60000 0.60000    0.0  0.0  DAUM 68          NP B6, 273
 277  2.23400    2.23400    2.23400    6.8700     0.38000 0.38000    0.0  0.0  DEBELLEFON 77    NC 41A, 451
 278  2.24000    2.22000    2.26000    6.2000     0.70000 0.70000    0.0  0.0  DICKINSON 67     PL 24B, 596
 279  2.28400    2.28400    2.28400    7.3000     0.50000 0.50000    0.0  0.0  DAUM 68          NP B6, 273
 280  2.32500    2.32500    2.32500    6.5000     0.60000 0.60000    0.0  0.0  DAUM 68          NP B6, 273
 281  2.33100    2.33100    2.33100    6.7600     0.34000 0.34000    0.0  0.0  DEBELLEFON 77    NC 41A, 451
 282  2.37400    2.37400    2.37400    6.6000     0.70000 0.70000    0.0  0.0  DAUM 68          NP B6, 273
 283  2.41200    2.41200    2.41200    6.3200     0.37000 0.37000    0.0  0.0  DEBELLEFON 77    NC 41A, 451
 284  2.51600    2.51600    2.51600    6.2100     0.40000 0.40000    0.0  0.0  DEBELLEFON 77    NC 41A, 451
 285  2.66000    2.59000    2.73000    5.7000     0.26000 0.26000    0.0  0.0  FICENEC 67       PL 25B, 369
 286  2.66000    2.59000    2.73000    6.0400     0.30000 0.30000    0.0  0.0  FICENEC 68       PR 175, 1725
 287  2.98500    2.97000    3.00000    4.9500     0.22000 0.22000    0.0  0.0  FOCACCI 65       PL 19, 441
 288  3.00000    3.00000    3.00000    5.0600     0.21000 0.21000    4.0  4.0  AMBATS 74        PR D9, 1179
 289  3.00000    2.98500    3.01500    4.9500     0.22000 0.22000    0.0  0.0  MERRILL 70       NP B18, 403
 290  3.46000    3.46000    3.46000    4.9400     0.39000 0.39000    0.0  0.0  GORDON 66        PL 21, 117
 291  3.59000    3.59000    3.59000    4.4000     0.20000 0.20000    0.0  0.0  LOWMAN 73        NP B61, 296
 292  3.65000    3.65000    3.65000    4.6000     0.19000 0.19000    4.0  4.0  AMBATS 74        PR D9, 1179
 293  4.10000    4.10000    4.10000    4.3000     0.35000 0.35000    0.0  0.0  MOTT 66          PL 23, 171
 294  4.20000    4.20000    4.20000    4.5000     0.24000 0.24000    4.5  4.5  MARZANO 77B      PL 68B, 292
 295  4.60000    4.60000    4.60000    4.2000     0.30000 0.30000    0.0  0.0  SCHROEDER 68     PR 176, 1648
 296  5.00000    5.00000    5.00000    3.8400     0.16000 0.16000    4.0  4.0  AMBATS 74        PR D9, 1179
 297  5.50000    5.50000    5.50000    4.1000     3.0E-02 3.0E-02    0.0  0.0  ENGELMANN 72     PR D5, 2162
 298  6.00000    6.00000    6.00000    3.6200     0.15000 0.15000    4.0  4.0  AMBATS 74        PR D9, 1179
 299  7.20020    7.20020    7.20020    4.2300     0.85000 0.85000    7.0  7.0  FOLEY 63B        PRL 11, 503
 300  9.00010    9.00010    9.00010    3.9500     0.78000 0.78000    7.0  7.0  FOLEY 63B        PRL 11, 503
 301  10.12000   10.04000   10.20000   3.2400     8.0E-02 8.0E-02    0.0  0.0  CAMPBELL 73      NP B64, 1
 302  14.30000   14.30000   14.30000   2.9600     0.10000 0.10000    0.0  0.0  LOUEDEC 77       NC 41A, 166
 303  14.30000   14.30000   14.30000   3.0100     0.10000 0.10000    0.0  0.0  BOER 76          NP B106, 125
 304  25.20000   25.20000   25.20000   2.4600     3.0E-02 3.0E-02    6.0  6.0  ANTIPOV 73P      NP B57, 333
 305  32.10000   32.10000   32.10000   2.5600     0.10000 0.10000    0.0  0.0  BOGOLUBSKI 81C   YF 33, 126
 306  40.10000   40.10000   40.10000   2.3300     3.0E-02 3.0E-02    6.0  6.0  ANTIPOV 73P      NP B57, 333
 307  50.00000   49.70000   50.30000   2.5400     0.11000 0.11000    0.0  0.0  AYRES 76D        PR D15, 3105
 308  70.00000   69.58000   70.42002   2.5300     0.12000 0.12000    0.0  0.0  AYRES 76D        PR D15, 3105
 309  100.00000  99.40000   100.60000  2.5100     0.12000 0.12000    0.0  0.0  AYRES 76D        PR D15, 3105
 310  140.00000  139.16000  140.83999  2.5200     0.12000 0.12000    0.0  0.0  AYRES 76D        PR D15, 3105
 311  147.00000  145.67700  148.32299  2.7400     0.42000 0.42000    0.0  0.0  FONG 76C         NP B102, 386
 312  175.00000  173.94999  176.05000  2.5900     0.12000 0.12000    0.0  0.0  AYRES 76D        PR D15, 3105
