# FILE_NAME
# REACTION
# BEAM_MASS TARGET_MASS THRESHOLD FINAL_STATE_MULTIPLICITY
# NUMBER_OF_DATA_POINTS
# POINT_NUMBER PLAB(GEV/C) PLAB_MIN PLAB_MAX SIG(MB) STA_ERR+ STA_ERR- SY_ER+(PCT) SY_ER-(PCT) REFERENCE FLAG
#  FORMAT(I5,1X,4F11.5,2F8.4,1X,2F6.1,A)
# -------------------------------------------------------------------------------------------------------
# PIMDEUT_TOTAL.DAT
# PI- DEUT --> X
# 0.139570    1.875600      0.            0
# 154
 1    0.14265    0.14265    0.14265    3.5000     2.0000  2.0000     0.0  0.0  FOWLER 53        PR 91, 135
 2    0.20084    0.20084    0.20084    11.000     3.0000  3.0000     0.0  0.0  FOWLER 53        PR 91, 135
 3    0.21767    0.21767    0.21767    132.00     7.0000  7.0000     0.0  0.0  NAGLE 55         PR 97, 480
 4    0.22828    0.21409    0.24224    150.00     6.0000  6.0000     0.0  0.0  ASHKIN 54        PR 96, 1104
 5    0.24454    0.23529    0.25371    183.00     7.0000  7.0000     0.0  0.0  PEWITT 63        PR 131, 1826
 6    0.25599    0.24108    0.27071    195.00     6.0000  6.0000     0.0  0.0  ASHKIN 54        PR 96, 1104
 7    0.28191    0.26733    0.29635    220.00     5.0000  5.0000     0.0  0.0  ASHKIN 54        PR 96, 1104
 8    0.29745    0.28414    0.31066    221.00     5.0000  5.0000     0.0  0.0  ASHKIN 54        PR 96, 1104
 9    0.32050    0.30627    0.33463    206.00     5.0000  5.0000     0.0  0.0  ASHKIN 54        PR 96, 1104
 10   0.34328    0.33029    0.35620    177.00     5.0000  5.0000     0.0  0.0  ASHKIN 54        PR 96, 1104
 11   0.44835    0.44835    0.44835    55.500     2.9700  2.9700     0.0  0.0  BRUNHART 63      NC 29, 1162
 12   0.47400    0.47116    0.47684    67.490     1.6800  1.6800     0.2  0.2  CARTER 68        PR 168, 1457
 13   0.49900    0.49601    0.50199    62.150     1.3000  1.3000     0.2  0.2  CARTER 68        PR 168, 1457
 14   0.51300    0.50992    0.51608    60.420     1.2400  1.2400     0.2  0.2  CARTER 68        PR 168, 1457
 15   0.52700    0.52384    0.53016    58.240     1.2000  1.2000     0.2  0.2  CARTER 68        PR 168, 1457
 16   0.55000    0.54670    0.55330    55.350     1.1000  1.1000     0.2  0.2  CARTER 68        PR 168, 1457
 17   0.56500    0.56161    0.56839    54.360     0.90000 0.90000    0.2  0.2  CARTER 68        PR 168, 1457
 18   0.57600    0.57254    0.57946    53.160     0.87000 0.87000    0.2  0.2  CARTER 68        PR 168, 1457
 19   0.59500    0.59143    0.59857    52.610     0.83000 0.83000    0.2  0.2  CARTER 68        PR 168, 1457
 20   0.62200    0.61827    0.62573    52.320     7.0E-02 7.0E-02    0.2  0.2  CARTER 68        PR 168, 1457
 21   0.63200    0.62821    0.63579    52.740     0.65000 0.65000    0.2  0.2  CARTER 68        PR 168, 1457
 22   0.65100    0.64709    0.65491    53.720     0.60000 0.60000    0.2  0.2  CARTER 68        PR 168, 1457
 23   0.66400    0.66002    0.66798    54.770     0.55000 0.55000    0.2  0.2  CARTER 68        PR 168, 1457
 24   0.67300    0.66896    0.67704    55.460     0.40000 0.40000    0.2  0.2  CARTER 68        PR 168, 1457
 25   0.68200    0.67791    0.68609    56.480     0.52000 0.52000    0.2  0.2  CARTER 68        PR 168, 1457
 26   0.69300    0.68884    0.69716    57.390     0.52000 0.52000    0.2  0.2  CARTER 68        PR 168, 1457
 27   0.70200    0.69779    0.70621    57.850     0.50000 0.50000    0.2  0.2  CARTER 68        PR 168, 1457
 28   0.71100    0.70673    0.71527    58.370     0.50000 0.50000    0.2  0.2  CARTER 68        PR 168, 1457
 29   0.71800    0.71369    0.72231    58.240     0.50000 0.50000    0.2  0.2  CARTER 68        PR 168, 1457
 30   0.74300    0.73854    0.74746    58.250     0.50000 0.50000    0.2  0.2  CARTER 68        PR 168, 1457
 31   0.77400    0.76936    0.77864    57.320     0.50000 0.50000    0.2  0.2  CARTER 68        PR 168, 1457
 32   0.80400    0.79918    0.80882    56.240     0.50000 0.50000    0.2  0.2  CARTER 68        PR 168, 1457
 33   0.81200    0.80713    0.81687    56.360     0.50000 0.50000    0.2  0.2  CARTER 68        PR 168, 1457
 34   0.81800    0.81309    0.82291    56.400     0.50000 0.50000    0.2  0.2  CARTER 68        PR 168, 1457
 35   0.82400    0.81906    0.82894    56.380     0.50000 0.50000    0.2  0.2  CARTER 68        PR 168, 1457
 36   0.84500    0.83993    0.85007    57.530     0.50000 0.50000    0.2  0.2  CARTER 68        PR 168, 1457
 37   0.87300    0.86776    0.87824    59.880     0.50000 0.50000    0.2  0.2  CARTER 68        PR 168, 1457
 38   0.88300    0.87770    0.88830    61.510     0.50000 0.50000    0.2  0.2  CARTER 68        PR 168, 1457
 39   0.93100    0.92541    0.93659    68.510     0.50000 0.50000    0.2  0.2  CARTER 68        PR 168, 1457
 40   0.93900    0.93337    0.94463    70.050     0.45000 0.45000    0.2  0.2  CARTER 68        PR 168, 1457
 41   0.97100    0.96517    0.97683    74.410     0.40000 0.40000    0.2  0.2  CARTER 68        PR 168, 1457
 42   0.98800    0.98207    0.99393    75.650     0.35000 0.35000    0.2  0.2  CARTER 68        PR 168, 1457
 43   0.99600    0.99002    1.00198    76.330     0.33000 0.33000    0.2  0.2  CARTER 68        PR 168, 1457
 44   1.01600    1.00990    1.02210    76.680     0.32000 0.32000    0.2  0.2  CARTER 68        PR 168, 1457
 45   1.02700    1.02084    1.03316    76.570     0.30000 0.30000    0.2  0.2  CARTER 68        PR 168, 1457
 46   1.05000    1.04370    1.05630    75.240     0.29000 0.29000    0.2  0.2  CARTER 68        PR 168, 1457
 47   1.07500    1.06855    1.08145    73.510     0.28000 0.28000    0.2  0.2  CARTER 68        PR 168, 1457
 48   1.08900    1.08247    1.09553    72.460     0.28000 0.28000    0.2  0.2  CARTER 68        PR 168, 1457
 49   1.10100    1.09439    1.10761    71.720     0.28000 0.28000    0.2  0.2  CARTER 68        PR 168, 1457
 50   1.12700    1.12024    1.13376    69.900     0.29000 0.29000    0.2  0.2  CARTER 68        PR 168, 1457
 51   1.15100    1.14409    1.15791    68.850     0.28000 0.28000    0.2  0.2  CARTER 68        PR 168, 1457
 52   1.16600    1.15900    1.17300    68.320     0.28000 0.28000    0.2  0.2  CARTER 68        PR 168, 1457
 53   1.17600    1.16894    1.18306    68.360     0.28000 0.28000    0.2  0.2  CARTER 68        PR 168, 1457
 54   1.19500    1.18783    1.20217    68.190     0.28000 0.28000    0.2  0.2  CARTER 68        PR 168, 1457
 55   1.20100    1.19379    1.20821    68.400     0.28000 0.28000    0.2  0.2  CARTER 68        PR 168, 1457
 56   1.22600    1.21864    1.23336    68.610     0.28000 0.28000    0.2  0.2  CARTER 68        PR 168, 1457
 57   1.25100    1.24349    1.25851    69.240     0.28000 0.28000    0.2  0.2  CARTER 68        PR 168, 1457
 58   1.27500    1.26735    1.28265    69.780     0.28000 0.28000    0.2  0.2  CARTER 68        PR 168, 1457
 59   1.28100    1.27331    1.28869    70.130     0.28000 0.28000    0.2  0.2  CARTER 68        PR 168, 1457
 60   1.31200    1.30413    1.31987    70.910     0.28000 0.28000    0.2  0.2  CARTER 68        PR 168, 1457
 61   1.33200    1.32401    1.33999    71.860     0.28000 0.28000    0.2  0.2  CARTER 68        PR 168, 1457
 62   1.34900    1.34091    1.35709    72.510     0.28000 0.28000    0.2  0.2  CARTER 68        PR 168, 1457
 63   1.35500    1.34687    1.36313    72.410     0.27000 0.27000    0.2  0.2  CARTER 68        PR 168, 1457
 64   1.38000    1.37172    1.38828    73.280     0.27000 0.27000    0.2  0.2  CARTER 68        PR 168, 1457
 65   1.39900    1.39061    1.40739    73.310     0.26000 0.26000    0.2  0.2  CARTER 68        PR 168, 1457
 66   1.40900    1.40055    1.41745    73.530     0.26000 0.26000    0.2  0.2  CARTER 68        PR 168, 1457
 67   1.43300    1.42440    1.44160    73.560     0.25000 0.25000    0.2  0.2  CARTER 68        PR 168, 1457
 68   1.45100    1.44229    1.45971    73.630     0.25000 0.25000    0.2  0.2  CARTER 68        PR 168, 1457
 69   1.47600    1.46714    1.48486    73.100     0.25000 0.25000    0.2  0.2  CARTER 68        PR 168, 1457
 70   1.49400    1.48504    1.50296    72.840     0.25000 0.25000    0.2  0.2  CARTER 68        PR 168, 1457
 71   1.53100    1.52181    1.54019    71.930     0.25000 0.25000    0.2  0.2  CARTER 68        PR 168, 1457
 72   1.57200    1.56257    1.58143    70.730     0.25000 0.25000    0.2  0.2  CARTER 68        PR 168, 1457
 73   1.60400    1.59438    1.61362    69.640     0.25000 0.25000    0.2  0.2  CARTER 68        PR 168, 1457
 74   1.62200    1.61227    1.63173    69.190     0.25000 0.25000    0.2  0.2  CARTER 68        PR 168, 1457
 75   1.67200    1.66197    1.68203    67.930     0.26000 0.26000    0.2  0.2  CARTER 68        PR 168, 1457
 76   1.71900    1.70869    1.72931    66.920     0.26000 0.26000    0.2  0.2  CARTER 68        PR 168, 1457
 77   1.77300    1.76236    1.78364    66.050     0.30000 0.30000    0.2  0.2  CARTER 68        PR 168, 1457
 78   1.78500    1.77429    1.79571    66.170     0.34000 0.34000    0.2  0.2  CARTER 68        PR 168, 1457
 79   1.82100    1.81007    1.83193    65.410     0.38000 0.38000    0.2  0.2  CARTER 68        PR 168, 1457
 80   1.85100    1.83989    1.86211    65.390     0.42000 0.42000    0.2  0.2  CARTER 68        PR 168, 1457
 81   1.86900    1.85779    1.88021    65.080     0.42000 0.42000    0.2  0.2  CARTER 68        PR 168, 1457
 82   1.91600    1.90450    1.92750    64.910     0.42000 0.42000    0.2  0.2  CARTER 68        PR 168, 1457
 83   1.95100    1.93929    1.96271    64.710     0.43000 0.43000    0.2  0.2  CARTER 68        PR 168, 1457
 84   1.96700    1.95520    1.97880    64.670     0.44000 0.44000    0.2  0.2  CARTER 68        PR 168, 1457
 85   2.01600    2.00390    2.02810    64.630     0.44000 0.44000    0.2  0.2  CARTER 68        PR 168, 1457
 86   2.05000    2.03770    2.06230    64.540     0.48000 0.48000    0.2  0.2  CARTER 68        PR 168, 1457
 87   2.06700    2.05460    2.07940    64.460     0.49000 0.49000    0.2  0.2  CARTER 68        PR 168, 1457
 88   2.10200    2.08939    2.11461    64.520     0.54000 0.54000    0.2  0.2  CARTER 68        PR 168, 1457
 89   2.16800    2.15499    2.18101    64.300     0.48000 0.48000    0.2  0.2  CARTER 68        PR 168, 1457
 90   2.21700    2.20370    2.23030    64.050     0.66000 0.66000    0.2  0.2  CARTER 68        PR 168, 1457
 91   2.26600    2.25240    2.27960    64.020     0.67000 0.67000    0.2  0.2  CARTER 68        PR 168, 1457
 92   2.36600    2.35180    2.38020    63.620     0.67000 0.67000    0.2  0.2  CARTER 68        PR 168, 1457
 93   2.41400    2.39952    2.42848    63.420     0.78000 0.78000    0.2  0.2  CARTER 68        PR 168, 1457
 94   2.47000    2.45518    2.48482    63.100     1.4000  1.4000     0.2  0.2  CARTER 68        PR 168, 1457
 95   2.52200    2.50687    2.53713    63.180     1.4000  1.4000     0.2  0.2  CARTER 68        PR 168, 1457
 96   2.56800    2.55259    2.58341    62.840     1.3000  1.3000     0.2  0.2  CARTER 68        PR 168, 1457
 97   2.61400    2.59832    2.62968    62.390     1.3000  1.3000     0.2  0.2  CARTER 68        PR 168, 1457
 98   2.66500    2.64901    2.68099    62.120     1.3000  1.3000     0.2  0.2  CARTER 68        PR 168, 1457
 99   6.00000    5.89800    6.10200    52.700     0.50000 0.50000    1.0  1.0  GALBRAITH 65     PR 138, B913
 100  6.65000    6.65000    6.65000    52.100     0.70000 0.70000    0.8  0.8  DENISOV 73       NP B65, 1          W
 101  8.00000    7.86400    8.13600    51.000     0.50000 0.50000    1.0  1.0  GALBRAITH 65     PR 138, B913
 102  10.00000   9.83000    10.17000   49.300     0.50000 0.50000    1.0  1.0  GALBRAITH 65     PR 138, B913
 103  10.00000   10.00000   10.00000   49.400     0.70000 0.70000    0.8  0.8  DENISOV 73       NP B65, 1          W
 104  10.00000   10.00000   10.00000   49.870     0.20000 0.20000    0.5  0.5  BUSHNIN 73C      YF 16, 1224
 105  12.00000   11.79600   12.20400   47.900     0.50000 0.50000    1.0  1.0  GALBRAITH 65     PR 138, B913
 106  13.30000   13.30000   13.30000   48.200     0.70000 0.70000    0.8  0.8  DENISOV 73       NP B65, 1          W
 107  14.00000   13.76200   14.23800   47.100     0.50000 0.50000    1.0  1.0  GALBRAITH 65     PR 138, B913
 108  15.00000   15.00000   15.00000   48.440     0.14000 0.14000    0.5  0.5  GORIN 72C        YF 15, 953
 109  16.00000   15.72800   16.27200   46.400     0.50000 0.50000    1.0  1.0  GALBRAITH 65     PR 138, B913
 110  18.00000   17.69400   18.30600   46.400     0.50000 0.50000    1.0  1.0  GALBRAITH 65     PR 138, B913
 111  20.00000   20.00000   20.00000   47.530     0.23000 0.23000    0.5  0.5  GORIN 72C        YF 15, 953
 112  20.00000   20.00000   20.00000   47.280     0.60000 0.60000    1.2  1.2  ALLABY 69        PL 30B, 500
 113  20.00000   19.66000   20.34000   45.800     0.50000 0.50000    1.0  1.0  GALBRAITH 65     PR 138, B913
 114  21.00000   21.00000   21.00000   47.410     0.15000 0.15000    0.5  0.5  BUSHNIN 73C      YF 16, 1224
 115  23.00000   23.00000   23.00000   46.830     0.11000 0.11000    0.5  0.5  CARROLL 76       PL 61B, 303
 116  25.00000   25.00000   25.00000   46.780     0.16000 0.16000    0.5  0.5  GORIN 72C        YF 15, 953
 117  25.00000   25.00000   25.00000   47.140     0.50000 0.50000    1.2  1.2  ALLABY 69        PL 30B, 500
 118  30.00000   30.00000   30.00000   46.460     0.13000 0.13000    0.5  0.5  GORIN 72C        YF 15, 953
 119  30.00000   30.00000   30.00000   47.170     0.30000 0.30000    1.2  1.2  ALLABY 69        PL 30B, 500
 120  30.00000   30.00000   30.00000   46.250     0.15000 0.15000    0.5  0.5  BUSHNIN 73C      YF 16, 1224
 121  35.00000   35.00000   35.00000   46.090     0.13000 0.13000    0.5  0.5  GORIN 72C        YF 15, 953
 122  35.00000   35.00000   35.00000   46.850     0.30000 0.30000    1.2  1.2  ALLABY 69        PL 30B, 500
 123  35.00000   35.00000   35.00000   45.980     8.0E-02 8.0E-02    0.5  0.5  CARROLL 76       PL 61B, 303
 124  40.00000   40.00000   40.00000   45.940     0.14000 0.14000    0.5  0.5  GORIN 72C        YF 15, 953
 125  40.00000   40.00000   40.00000   46.400     0.30000 0.30000    1.2  1.2  ALLABY 69        PL 30B, 500
 126  40.00000   40.00000   40.00000   45.750     0.20000 0.20000    0.5  0.5  BUSHNIN 73C      YF 16, 1224
 127  45.00000   45.00000   45.00000   45.960     0.15000 0.15000    0.5  0.5  GORIN 72C        YF 15, 953
 128  45.00000   45.00000   45.00000   46.200     0.30000 0.30000    1.2  1.2  ALLABY 69        PL 30B, 500
 129  50.00000   50.00000   50.00000   45.860     0.13000 0.13000    0.5  0.5  GORIN 72C        YF 15, 953
 130  50.00000   50.00000   50.00000   46.630     0.30000 0.30000    1.2  1.2  ALLABY 69        PL 30B, 500
 131  50.00000   50.00000   50.00000   45.590     0.12000 0.12000    0.5  0.5  CARROLL 76       PL 61B, 303
 132  50.00000   50.00000   50.00000   45.510     0.12000 0.12000    0.6  0.6  CARROLL 74       PRL 33, 932
 133  50.00000   50.00000   50.00000   45.860     0.20000 0.20000    0.5  0.5  BUSHNIN 73C      YF 16, 1224
 134  55.00000   55.00000   55.00000   45.830     0.14000 0.14000    0.5  0.5  GORIN 72C        YF 15, 953
 135  55.00000   55.00000   55.00000   46.440     0.30000 0.30000    1.2  1.2  ALLABY 69        PL 30B, 500
 136  60.00000   60.00000   60.00000   45.830     0.17000 0.17000    0.7  0.7  GORIN 72C        YF 15, 953
 137  60.00000   60.00000   60.00000   46.620     0.30000 0.30000    1.2  1.2  ALLABY 69        PL 30B, 500
 138  60.00000   60.00000   60.00000   45.800     0.20000 0.20000    0.5  0.5  BUSHNIN 73C      YF 16, 1224
 139  65.00000   65.00000   65.00000   45.760     0.26000 0.26000    0.5  0.5  GORIN 72C        YF 15, 953
 140  65.00000   65.00000   65.00000   46.760     0.30000 0.30000    1.2  1.2  ALLABY 69        PL 30B, 500
 141  70.00000   70.00000   70.00000   45.530     0.12000 0.12000    0.5  0.5  CARROLL 76       PL 61B, 303
 142  100.00000  100.00000  100.00000  45.590     0.12000 0.12000    0.5  0.5  CARROLL 76       PL 61B, 303
 143  100.00000  100.00000  100.00000  45.500     0.12000 0.12000    0.6  0.6  CARROLL 74       PRL 33, 932
 144  120.00000  120.00000  120.00000  45.740     7.0E-02 7.0E-02    0.5  0.5  CARROLL 76       PL 61B, 303
 145  150.00000  150.00000  150.00000  45.930     7.0E-02 7.0E-02    0.5  0.5  CARROLL 76       PL 61B, 303
 146  150.00000  150.00000  150.00000  45.760     0.12000 0.12000    0.6  0.6  CARROLL 74       PRL 33, 932
 147  170.00000  170.00000  170.00000  46.120     7.0E-02 7.0E-02    0.5  0.5  CARROLL 76       PL 61B, 303
 148  200.00000  200.00000  200.00000  46.320     7.0E-02 7.0E-02    0.7  0.7  CARROLL 79       PL 80B, 423
 149  200.00000  200.00000  200.00000  46.210     0.12000 0.12000    0.6  0.6  CARROLL 74       PRL 33, 932
 150  240.00000  240.00000  240.00000  46.910     7.0E-02 7.0E-02    0.7  0.7  CARROLL 79       PL 80B, 423
 151  280.00000  280.00000  280.00000  47.050     9.0E-02 9.0E-02    0.7  0.7  CARROLL 79       PL 80B, 423
 152  310.00000  310.00000  310.00000  47.340     0.11000 0.11000    0.7  0.7  CARROLL 79       PL 80B, 423
 153  340.00000  340.00000  340.00000  47.680     0.12000 0.12000    0.7  0.7  CARROLL 79       PL 80B, 423
 154  370.00000  370.00000  370.00000  47.890     0.15000 0.15000    0.7  0.7  CARROLL 79       PL 80B, 423
